MOUSE MICROSAT DATA FOR RST ANALYSIS                
5
20
8
20
20
20
19
20
20
20
20
1_317
2
317
1_64
2
64
1_316
2
316
1_58
2
58
1_295
2
295
POS
104 104 118 118 144 144 264 264 194 198
104 106 114 114 142 144 264 272 196 198
104 104 114 114 142 142 264 264 194 200
104 104 114 114 142 142 264 264 194 194
104 104 114 114 142 142 264 272 194 196
104 104 118 118 144 144 264 264 198 198
104 104 118 118 144 144 264 264 194 198
104 104 118 118 144 144 264 264 194 198
104 104 118 118 144 144 264 264 194 198
104 104 118 118 144 144 264 264 198 198
104 104 118 118 144 144 264 264 194 194
104 104 114 118 142 144 264 272 194 196
104 104 118 118 144 144 264 264 194 198
104 106 114 114 142 142 264 272 194 196
104 104 118 118 144 144 264 264 198 198
104 104 114 118 142 144 264 272 196 198
104 104 114 118 142 144 264 272 196 198
104 106 114 118 142 144 264 272 194 196
104 106 114 114 142 142 264 264 194 194
104 104 114 114 142 142 264 264 194 194
ST1
114 120 114 114 142 142 258 260 192 196
118 120 114 132 124 134 268 268 170 180
106 106 114 114 146 146 266 266   0   0
106 106 114 132 124 146 266 268 180 180
106 106 114 132 124 146 266 268 180 180
106 106 114 114 146 146 266 266   0   0  
106 106 114 132 124 146 266 268 170 170
106 120 132 132 124 124 268 268 170 170
106 106 130 130 142 142 260 260 168 168
106 106 130 130 142 142 260 260 168 168
106 108 116 130 134 142 260 268 168 180
106 106 114 130 142 146 260 266 168 168
106 106 130 130 142 142 260 260 168 168
106 106 116 130 142 146 260 266 168 168
106 108 114 116 134 146 266 268 180 180
106 106 114 116 142 146 262 266 180 180
106 106 114 114 124 146 266 268 180 180
106 106 114 116 142 146 262 266 180 180
106 108 118 130 142 142 260 260 168 168
106 106 114 114 124 146 266 268 180 180
CRE
102 120 114 114 144 146 264 268 190 190
120 120 114 114 144 144 260 264 190 198
102 124 114 114 144 144 264 264 194 194
102 124 114 114 144 144 260 264 194 198
120 120 114 114 144 144 260 260 198 198
104 104 118 118 144 144 264 264 194 194
102 102 114 114 142 142 262 262 198 198
102 102 114 118 142 144 262 262 174 198
102 102 114 114 142 142 262 262 198 198
102 102 114 118 142 144 262 262 174 198
102 104 114 118 144 148 264 268 192 196
102 108 114 114 142 144 266 268 192 196
102 102 118 118 144 144 262 262 174 174
102 102 114 114 142 142 262 262 198 198
102 102 114 114 142 142 262 262 198 198
102 120 114 118 142 144 262 262 174 198
102 120 114 118 142 144 262 262 174 198
102 102 114 118 142 144 262 262 174 198
102 102 114 114 142 142 262 262 198 198
104 104 114 114 144 144 258 264 198 198
GAL
104 104 118 118 144 144 264 264 194 194
106 106 114 114 142 144 264 272 194 196
102 104 114 114 142 146 264 268 184 194
104 104 114 114 142 142 268 268 184 184
102 104 114 114 142 146 264 268 184 194
102 104 114 116 142 142 266 268 184 202
102 104 114 114 142 146 264 268 184 194
104 104 114 114 142 142 268 268 184 184
102 104 114 114 142 146 264 268 184 194
106 106 114 114 134 142 260 260 196 200
108 108 114 114 148 148 266 266 190 190
106 106 114 116 134 142 260 266 196 200
104 106 114 116 142 146 264 266 196 196
106 106 114 116 142 142 260 266 196 196
106 106 114 116 142 142 260 260 196 196
106 106 114 116 142 142 260 266 196 196
106 108 114 116 142 148 266 266 190 196
104 106 114 116 142 148 266 270 192 196
106 114 114 122 142 150 264 268 196 200
BIN
106 106 114 114 142 148 260 264 192 196
104 104 114 118 144 144 264 264 194 194
106 108 114 116 144 148 260 262 192 198
102 106 114 114 146 148 260 260 192 196
106 106 114 114 148 148 260 260 192 192
102 106 114 114 146 148 260 260 192 196
102 102 114 114 146 146 260 260 196 196
102 106 114 114 146 148 260 260 192 196
102 106 114 114 146 148 260 260 192 196
102 102 118 118 144 144 262 262 174 174
104 108 114 114 142 148 262 266   0   0  
106 112 114 114 142 148 264 268 184 184
104 106 114 114 142 148 256 268 176 184
104 108 114 114 142 148 264 266 196 196
102 108 114 114 142 148 266 270 196 196
102 104 114 114 142 142 264 270 196 196
102 104 114 114 142 142 262 270 196 196
102 104 114 114 142 142 262 270 196 196
106 112 114 114 142 148 264 268 184 184
112 116 114 114 134 148 258 264 178 178
LVA
116 116 114 114 142 144 264 264 190 192
102 102 114 114 144 144 264 264 190 190
102 102 114 114 144 144 264 264 190 190
102 102 114 114 144 144 264 264 190 190
102 102 114 114 144 144 264 264 190 190
102 102 114 114 144 144 264 264 190 190
102 102 114 114 144 144 264 264 190 190
102 102 114 114 144 144 264 264 190 190
102 102 114 114 146 146 264 264 190 190
102 104 114 114 142 148 266 272 192 198
102 102 114 114 142 142 266 266 196 196
102 116 114 114 142 144 264 264 194 198
102 116 114 114 142 144 264 264 194 198
102 116 114 114 142 144 264 264 194 198
116 116 114 114 142 142 264 264 198 198
102 116 114 114 142 144 264 264 194 198
104 116 114 114 144 146 274 274 190 190
104 116 114 114 142 146 264 274 190 190
116 116 114 114 142 144 264 274 190 190
104 106 114 114 142 144 264 264 190 192
SPT
102 112 122 122 142 142 254 254 192 192
102 102 122 122 142 142 254 254 192 192
102 102 122 124 140 142 254 254 186 192
102 102 122 124 140 142 254 254 186 192
102 102 104 104 130 140 256 256 176 196
106 106 122 122 130 136 254 256 170 192
102 102 126 126 136 136 256 256 170 170
102 106 122 122 134 146 260 264 168 170
102 106 124 132 136 140 252 254 172 172
106 118 132 132 138 140 252 256 168 172
104 104 136 136 140 140 254 254 182 182
106 106 126 126 136 142 254 256 178 184
104 106 126 130 136 140 254 254 178 182
104 106 126 130 134 136 254 254 178 182
104 104 130 130 134 134 254 254 182 182
104 104 122 122 154 154 256 256 192 192
102 106 122 122 132 154 256 256 178 192
106 118 122 122 132 132 256 256 178 192
104 104 122 122 130 152 256 256 178 178
106 106 128 128 150 152 254 256 182 182
ST2
104 108 122 124 142 144 266 266 178 192
104 104 124 124 144 144 262 262 196 196
106 108 122 122 142 142 266 266 178 178
106 106 120 122 138 142 264 266 180 186
106 108 126 132 144 152 258 266 178 178
104 106 122 122 142 142 264 266 180 180
104 118 114 114 144 144 264 264 176 176
106 106 122 122 142 142 264 266 180 180
108 108 114 122 142 142 260 266 178 190
106 108 122 122 142 142 264 266 180 180
104 106 122 122 142 142 264 266 180 180
104 104 122 122 142 142 264 264 180 180
104 108 122 122 142 142 264 266 178 180
106 108 122 122 142 142 266 266 178 178
104 104 122 122 142 142 264 266 178 180
104 108 122 122 142 142 264 266 180 180
106 108 114 124 128 148 264 266 176 176
106 106 124 124 148 148 266 266 176 178
106 108 114 114 128 146 264 264 176 178
106 108 114 132 144 144 258 266 186 194
