MOUSE MICROSAT DATA FOR RST ANALYSIS
24
20
8
20
20
20
20
20
20
20
20
1_317
2 
317
1_64 
2 
64
1_316 
2 
316
1_58
2 
58
1_295
2
295
3_60
2
60
3_117
2
117
3_149
2
149
3_221
2
221
3_269
2
269
3_265
2
265
4_149
2
149
4_315
2
315
4_103
2
103
4_104
2
104
4_264
2
264
4_235
2
235
4_181
2
181
4_227
2
227
6_86
2
86
6_166
2
166
6_138
2
138
6_296
2
296
6_157
2
157
POS
104 104 118 118 144 144 264 264 194 198 162 162 153 153 138 146 148 148 128 130 154 158 113 113 117 117 116 116 233 233 124 124 100 100 128 128 202 202 131 131 134 134 133 133 96  96  206 206
104 106 114 114 142 144 264 272 196 198 162 162 153 153 140 146 148 148 128 128 150 158 113 113 117 117 116 116 233 233 124 124 100 100 128 128 202 202 131 131 134 134 133 133 96  96  206 206
104 104 114 114 142 142 264 264 194 200 162 162 153 153 138 138 148 148 130 130 154 154 111 113 117 117 116 116 233 233 124 124 100 100 128 132 202 206 129 131 96  134 117 133 96  102 206 218
104 104 114 114 142 142 264 264 194 194 162 162 153 153 138 138 148 148 130 130 154 154 113 113 117 117 116 116 233 233 124 124 100 100 128 132 202 206 131 131 134 134 133 137 96  96  206 206
104 104 114 114 142 142 264 272 194 196 162 162 153 153 138 138 148 148 128 130 154 154 113 113 117 117 116 116 233 233 124 124 100 100 128 128 202 202 131 131 134 134 133 137 96  96  206 206
104 104 118 118 144 144 264 264 198 198 162 162 153 153 146 146 148 148 128 128 158 158 113 113 117 117 116 116 233 233 124 124 100 100 128 128 202 202 131 131 134 134 133 133 96  96  206 206
104 104 118 118 144 144 264 264 194 198 162 162 153 153 138 146 148 148 128 130 154 158 113 113 117 117 116 116 233 233 124 124 100 100 128 128 202 202 131 131 134 134 133 133 96  96  206 206
104 104 118 118 144 144 264 264 194 198 162 162 153 153 138 146 148 148 128 130 154 158 113 113 117 117 116 116 233 233 124 124 100 100 128 128 202 202 131 131 134 134 133 133 96  96  206 206
104 104 118 118 144 144 264 264 194 198 162 162 153 153 138 146 148 148 128 130 154 158 113 113 117 117 116 116 233 233 124 124 100 100 128 128 202 202 131 131 134 134 133 133 96  96  206 206
104 104 118 118 144 144 264 264 198 198 162 162 153 153 146 146 148 148 128 128 158 158 113 113 117 117 116 116 233 233 124 124 100 100 128 128 202 202 131 131 134 134 133 133 96  96  206 206
104 104 118 118 144 144 264 264 194 194 162 162 153 153 138 138 148 148 130 130 154 154 113 113 117 117 116 116 233 233 124 124 100 100 128 128 202 202 131 131 134 134 133 133 96  96  206 206
104 104 114 118 142 144 264 272 194 196 162 162 153 153 138 138 148 148 128 130 154 154 113 113 117 117 116 116 233 233 124 124 100 100 128 128 202 202 131 131 134 134 133 133 96  96  206 206
104 104 118 118 144 144 264 264 194 198 162 162 153 153 138 146 148 148 128 130 154 158 113 113 117 117 116 116 233 233 124 124 100 100 128 128 202 202 131 131 134 134 133 133 96  96  206 206
104 106 114 114 142 142 264 272 194 196 162 162 153 153 138 140 148 148 128 130 158 158 113 113 117 117 116 116 233 233 124 124 100 100 128 132 202 206 131 131 134 134 133 133 96  96  206 206
104 104 118 118 144 144 264 264 198 198 162 162 153 153 146 146 148 148 128 128 158 158 113 113 117 117 116 116 233 233 124 124 100 100 128 128 202 202 131 131 134 134 133 133 96  96  206 206
104 104 114 118 142 144 264 272 196 198 162 162 153 153 138 150 148 148 128 128 154 158 113 113 117 117 116 116 233 233 124 124 100 100 128 128 202 202 131 131 134 134 133 133 96  96  206 206
104 104 114 118 142 144 264 272 196 198 162 162 153 153 138 146 148 148 128 128 154 158 113 113 117 117 116 116 233 233 124 124 100 100 128 128 202 202 131 131 134 134 133 133 96  96  206 206
104 106 114 118 142 144 264 272 194 196 162 162 153 153 138 140 148 148 128 130 150 154 113 113 117 117 116 116 233 233 124 124 100 100 128 128 202 202 131 131 134 134 133 133 96  120 206 206
104 106 114 114 142 142 264 264 194 194 162 162 153 153 138 138 148 148 130 130 154 154 113 113 117 117 116 116 233 233 124 124 100 100 132 132 206 206 131 131 134 134 129 129 96  96  206 206
104 104 114 114 142 142 264 264 194 194 162 162 153 153 138 138 148 148 130 130 154 154 113 113 117 117 116 116 233 233 124 124 100 100 128 128 202 202 129 129 134 134 129 133 96  96  206 206
ST1
114 120 114 114 142 142 258 260 192 196 162 162 153 153 113 154 148 150 124 132 148 150 115 119 113 115 114 116 233 233 124 126 100 102 112 130 174 214 131 133 106 138 117 125 94  94  206 218
118 120 114 132 124 134 268 268 170 180 182 182 177 177 140 140 148 148 116 116 150 150 115 117 101 113 116 116 233 239 112 122 102 112 126 128 174 182 115 131 136 138 125 137 94  110 210 212
106 106 114 114 146 146 266 266 0   0   162 162 153 157 121 146 146 146 122 128 152 152 115 125 101 103 116 116 233 233 122 126 100 112 128 138 174 174 123 123 134 134 129 129 108 108 214 214
106 106 114 132 124 146 266 268 180 180 162 162 153 153 121 121 146 146 128 128 152 152 113 115 101 117 116 116 233 233 122 124 100 112 128 130 174 202 125 131 102 134 121 129 98  106 206 216
106 106 114 132 124 146 266 268 180 180 162 162 153 153 121 121 146 146 128 128 152 152 115 115 101 101 116 116 233 233 122 122 112 112 128 128 174 174 105 123 134 134 129 129 92  108 210 214
106 106 114 114 146 146 266 266 0   0   174 182 177 177 140 150 148 150 116 124 150 150 111 117 101 113 114 116 241 241 118 118 100 100 142 142 190 190 105 115 134 138 129 137 92  94  212 214
106 106 114 132 124 146 266 268 170 170 174 174 153 153 150 150 150 150 124 124 150 150 117 117 113 113 116 116 239 239 112 112 102 102 126 126 182 182 105 131 134 136 125 129 92  110 210 212
106 120 132 132 124 124 268 268 170 170 174 182 153 177 140 150 148 150 116 124 150 150 117 117 101 113 116 116 239 241 112 118 100 102 126 142 182 190 105 105 134 134 129 129 92  92  210 210
106 106 130 130 142 142 260 260 168 168 182 182 177 177 140 140 148 148 116 116 150 150 111 115 113 115 114 114 239 241 102 118 100 126 140 142 190 212 105 105 106 106 129 129 110 110 214 214
106 106 130 130 142 142 260 260 168 168 182 182 177 177 140 140 148 148 116 116 150 150 111 115 113 115 114 114 239 241 102 118 100 126 140 142 190 212 105 115 106 138 129 137 94  110 212 214
106 108 116 130 134 142 260 268 168 180 182 182 177 177 140 140 148 148 116 116 150 150 115 115 101 101 116 116 233 233 122 122 112 112 128 128 174 174 105 105 106 134 129 129 92  110 210 214
106 106 114 130 142 146 260 266 168 168 182 182 177 177 140 140 148 148 116 116 150 150 115 115 101 101 116 116 233 233 122 122 112 112 128 128 174 174 115 115 138 138 137 137 94  94  212 212
106 106 130 130 142 142 260 260 168 168 182 182 177 177 140 140 148 148 116 116 150 150 115 117 101 113 116 116 233 239 112 122 102 112 126 128 174 182 105 105 106 106 129 129 110 110 214 214
106 106 116 130 142 146 260 266 168 168 182 182 177 177 140 140 148 148 116 116 150 150 117 117 113 113 116 116 239 239 112 112 102 102 126 126 182 182 105 105 106 134 129 129 92  110 212 214
106 108 114 116 134 146 266 268 180 180 182 182 177 177 140 140 148 148 116 116 150 150 115 115 101 101 116 116 233 233 122 122 112 112 128 128 174 174 105 115 134 138 129 137 92  94  210 212
106 106 114 116 142 146 262 266 180 180 162 182 157 177 121 140 144 148 116 128 150 150 125 125 103 103 116 116 233 233 126 126 100 100 138 138 0   0   131 131 136 136 125 125 110 110 210 210
106 106 114 114 124 146 266 268 180 180 162 182 157 177 121 140 144 148 116 128 150 150 107 125 103 113 114 116 233 241 118 126 100 100 138 142 190 190 131 131 136 136 125 125 110 110 210 210
106 106 114 116 142 146 262 266 180 180 162 162 157 157 121 121 144 148 128 128 150 150 125 125 103 103 116 116 233 233 126 126 100 100 138 138 0   0   105 105 134 134 129 129 92  92  210 210
106 108 118 130 142 142 260 260 168 168 162 182 157 177 121 140 144 148 116 128 150 150 107 125 103 113 114 116 233 241 118 126 100 100 138 142 190 190 105 105 134 134 129 129 92  92  210 214
106 106 114 114 124 146 266 268 180 180 182 182 177 177 140 140 148 148 116 116 150 150 107 125 103 113 114 116 233 241 118 126 100 100 138 142 190 190 131 131 136 136 125 125 110 110 210 210
CRE
102 120 114 114 144 146 264 268 190 190 162 164 153 153 154 160 148 150 116 132 150 150 113 117 115 117 116 116 233 233 124 128 100 100 128 132 178 214 129 131 134 136 125 129 94  94  212 216
120 120 114 114 144 144 260 264 190 198 162 164 153 153 148 154 148 148 128 134 148 150 115 117 115 115 116 116 233 233 124 126 102 116 128 130 206 210 131 131 136 136 113 129 94  94  214 216
102 124 114 114 144 144 264 264 194 194 162 162 153 153 150 154 148 148 128 128 150 150 117 117 111 115 116 140 233 233 124 126 100 116 128 130 178 206 131 131 136 138 113 117 94  114 216 218
102 124 114 114 144 144 260 264 194 198 162 162 153 153 150 154 148 148 128 128 150 154 117 117 115 121 116 116 233 233 126 128 102 116 128 128 206 208 131 131 136 136 113 129 94  94  214 216
120 120 114 114 144 144 260 260 198 198 162 162 153 153 150 154 148 148 128 128 150 150 117 117 111 115 116 140 233 233 124 126 100 116 128 130 178 206 131 131 136 136 129 129 94  94  214 214
104 104 118 118 144 144 264 264 194 194 162 162 153 153 146 146 148 148 128 128 158 158 111 111 117 117 116 116 233 233 124 124 100 100 132 132 206 206 129 129 96  96  113 117 102 102 214 218
102 102 114 114 142 142 262 262 198 198 162 162 153 153 152 152 152 152 128 128 150 150 111 111 113 113 114 114 233 233 124 124 100 100 136 136 210 210 131 131 136 136 125 125 94  94  216 216
102 102 114 118 142 144 262 262 174 198 182 182 155 155 113 113 148 148 124 124 154 154 117 117 119 119 116 116 233 233 126 126 100 100 132 132 208 208 129 131 136 136 125 125 94  94  216 216
102 102 114 114 142 142 262 262 198 198 162 162 153 153 152 152 152 152 128 128 150 150 111 111 113 113 114 114 233 233 124 124 100 100 136 136 210 210 131 131 136 136 125 125 94  94  216 216
102 102 114 118 142 144 262 262 174 198 162 164 153 153 152 154 148 152 128 132 150 150 111 117 113 117 114 116 233 233 124 128 100 100 132 136 178 210 129 131 136 136 125 125 94  94  216 216
102 104 114 118 144 148 264 268 192 196 162 164 153 153 148 152 148 152 128 132 148 150 117 117 117 117 116 116 233 235 122 128 96  100 126 132 176 210 133 135 134 136 121 129 94  94  212 216
102 108 114 114 142 144 266 268 192 196 162 164 153 153 148 152 152 152 124 132 150 150 113 117 113 117 116 116 233 233 122 124 100 116 128 128 190 218 119 125 134 134 117 125 92  94  194 210
102 102 118 118 144 144 262 262 174 174 162 162 153 153 152 152 152 152 128 128 150 150 111 111 113 113 114 114 233 233 124 124 100 100 136 136 210 210 129 129 136 136 125 125 94  94  216 216
102 102 114 114 142 142 262 262 198 198 162 182 153 155 113 152 148 152 124 128 150 154 111 117 113 119 114 116 233 233 124 128 100 100 132 136 178 210 131 131 136 136 125 125 94  94  216 216
102 102 114 114 142 142 262 262 198 198 162 164 153 153 152 154 148 152 128 132 150 150 111 117 113 117 114 116 233 233 124 128 100 100 132 136 178 210 131 131 136 136 125 125 94  94  216 216
102 120 114 118 142 144 262 262 174 198 162 164 153 153 146 154 148 148 132 132 150 150 117 117 117 123 116 116 233 233 124 128 100 104 132 134 178 212 131 131 136 136 125 125 94  94  216 216
102 120 114 118 142 144 262 262 174 198 162 182 153 155 113 152 148 152 124 128 150 154 111 117 113 119 114 116 233 233 124 126 100 100 132 136 210 210 129 131 136 136 125 125 94  94  216 216
102 102 114 118 142 144 262 262 174 198 164 182 153 155 113 154 148 148 124 132 150 154 117 117 117 119 116 116 233 233 126 128 100 100 132 132 178 178 129 131 136 136 125 125 94  94  216 216
102 102 114 114 142 142 262 262 198 198 162 164 153 153 152 154 148 152 128 132 150 150 111 117 113 117 114 116 233 233 124 128 100 100 132 136 178 210 131 131 136 136 125 125 94  94  216 216
104 104 114 114 144 144 258 264 198 198 162 162 153 153 150 154 146 152 128 130 150 150 117 117 113 117 116 116 233 233 126 130 100 104 132 132 190 206 129 131 102 106 129 129 94  100 214 214
GAL
104 104 118 118 144 144 264 264 194 194 162 162 153 153 146 146 148 148 128 128 158 158 111 111 117 117 116 116 233 233 124 124 100 100 132 132 206 206 129 129  96  96 113 117 102 106 214 218
  0   0   0   0   0   0   0   0   0   0 162 162 147 153 146 152 148 148 130 132 154 154 121 121 109 109 116 116 233 233 122 126   0   0   0   0   0   0   0   0   0   0   0 0   0   0   212 212
106 106 114 114 142 144 264 272 194 196 162 162 153 153 146 146 148 148 128 128 158 158 111 111 117 117 116 116 233 233 124 124 100 100 132 132 206 206 129 129  96  96 117 117 102 102 218 218
102 104 114 114 142 146 264 268 184 194 162 162 153 153 146 152 148 148 124 132 148 150 117 121 109 123 116 116 233 233 122 126 100 102 112 112 204 208 133 133 110 136 117 125 94  114 212 216
104 104 114 114 142 142 268 268 184 184 162 162 147 153 146 152 148 148 130 132 150 154 119 121 109 111 116 118 233 233 122 128 100 100 130 136 192 200 117 133 106 110 125 129 112 114 212 216
102 104 114 114 142 146 264 268 184 194 162 162 153 153 146 146 148 148 124 124 148 148 119 119 111 111 118 118 233 233 128 128 100 100 130 130 192 192 133 133 136 136 117 117 94  94  212 212
102 104 114 116 142 142 266 268 184 202 162 162 153 153 146 152 148 148 124 132 148 150 119 121 109 111 116 118 233 233 122 128 100 100 130 136 192 200 133 133 110 136 117 125 94  114 212 216
102 104 114 114 142 146 264 268 184 194 162 162 153 153 152 152 148 148 132 132 150 154 117 121 109 123 116 116 233 233 122 126 100 102 112 112 204 208 127 133 104 110 125 125 102 114 212 216
104 104 114 114 142 142 268 268 184 184 162 162 147 153 146 146 148 148 124 130 148 154 121 121 109 109 116 116 233 233 122 126 100 100 112 136 200 208 117 133 106 136 117 129 94  112 212 212
102 104 114 114 142 146 264 268 184 194 162 162 153 153 146 152 148 148 124 132 148 150 119 121 109 111 116 118 233 233 126 128 100 100 112 130 192 208 133 133 110 136 117 125 94  114 212 216
106 106 114 114 134 142 260 260 196 200 162 162 153 153 144 156 148 150 130 132 150 154 113 119 117 117 116 118 233 233 122 130 100 100 128 128 208 210 117 129 104 106 121 129 94  108 206 212
108 108 114 114 148 148 266 266 190 190 162 162 153 153 144 152 148 148 132 134 154 154 119 121 117 117 118 118 233 233 126 128 100 102 112 130 178 212 129 129 106 106 129 129 94  94  216 216
106 106 114 116 134 142 260 266 196 200 162 162 153 153 144 148 148 148 124 132 150 154 119 119 117 119 116 116 233 233 128 130 100 100 128 128 208 214 129 135 106 106 117 129 94  94  206 210
104 106 114 116 142 146 264 266 196 196 162 162 153 153 144 144 148 148 132 132 154 154 119 119 117 117 116 116 233 233 130 130 100 100 128 128 208 208 129 129 106 106 129 129 94  94  206 206
106 106 114 116 142 142 260 266 196 196 162 162 153 153 152 152 148 148 116 130 150 150 119 119 117 119 116 116 233 233 128 130 100 100 128 128 208 214 117 131 104 134 129 129 94  94  200 216
106 106 114 116 142 142 260 260 196 196 162 162 153 153 152 152 148 148 130 130 150 154 119 119 119 119 116 116 233 233 128 128 100 100 128 128 214 214 119 131 104 106 129 133 94  114 200 210
106 106 114 116 142 142 260 266 196 196 162 162 153 153 144 152 148 148 130 132 148 154 119 119 117 119 116 116 233 233 122 130 100 100 128 132 208 216 129 137 106 108 125 129 94  118 206 218
106 108 114 116 142 148 266 266 190 196 162 162 147 153 146 152 148 148 130 134 154 156 119 119 117 117 118 118 233 233 128 128 100 100 130 130 212 212 117 129 102 106 129 129 94  100 216 218
104 106 114 116 142 148 266 270 192 196 162 162 153 153 134 164 152 152 126 128 148 150 119 119 117 117 116 116 233 233 130 130 100 100 128 128 208 208 117 117 106 106 125 125 94  108 214 216
106 114 114 122 142 150 264 268 196 200 162 162 153 153 152 152 148 148 130 130 150 150 115 119 117 121 116 118 233 233 122 124 100 100 128 132 186 204 131 131 104 104 129 133 94  94  200 212
BIN
106 106 114 114 142 148 260 264 192 196 162 162 153 153 150 150 146 146 130 130 150 150 117 117 113 113 116 116 233 233 126 126 104 104 132 132 206 206 129 129 104 104 151 151 94  94  206 206
104 104 114 118 144 144 264 264 194 194 162 162 153 153 146 146 148 148 128 128 158 158 111 111 117 117 116 116 233 233 124 124 100 100 132 132 206 206 129 129 96  96  117 117 102 102 218 218
106 108 114 116 144 148 260 262 192 198 162 162 153 153 152 156 148 148 120 128 148 150 117 117 109 115 116 116 233 233 124 126 100 100 130 134 208 212 129 133 100 102 121 143 94  118 206 216
102 106 114 114 146 148 260 260 192 196 162 162 153 153 150 152 146 148 120 130 150 150 117 117 109 113 116 116 233 233 126 126 100 104 132 134 206 212 129 129 104 104 151 151 94  94  206 206
106 106 114 114 148 148 260 260 192 192 162 162 153 153 150 150 146 146 130 130 150 150 117 117 113 113 116 116 233 233 126 126 104 104 132 132 206 206 129 129 104 104 151 151 94  94  206 206
102 106 114 114 146 148 260 260 192 196 162 162 153 153 150 150 146 146 130 130 150 150 117 117 113 113 116 116 233 233 126 126 104 104 132 132 206 206 129 129 104 104 151 151 94  94  206 206
102 102 114 114 146 146 260 260 196 196 162 162 153 153 150 150 146 146 130 130 150 150 117 117 113 113 116 116 233 233 126 126 104 104 132 132 206 206 129 129 104 106 121 151 94  94  206 210
102 106 114 114 146 148 260 260 192 196 162 162 153 153 150 150 146 146 130 130 150 150 117 117 113 113 116 116 233 233 126 126 104 104 132 132 206 206 129 129 104 104 151 151 94  94  206 206
102 106 114 114 146 148 260 260 192 196 162 162 153 153 150 154 146 146 130 130 150 150 117 117 113 115 116 116 233 233 124 126 102 104 132 138 204 206 129 133 102 104 121 151 94  118 206 216
102 102 118 118 144 144 262 262 174 174 162 162 153 153 146 146 148 148 132 132 150 150 117 117 123 123 116 116 233 233 124 124 104 104 134 134 212 212 129 129 136 136 125 125 94  94  216 216
104 108 114 114 142 148 262 266 0   0   162 162 153 153 152 160 148 148 116 128 150 152 115 117 113 113 116 116 233 239 112 124 100 120 128 132 206 210 129 129 102 106 113 133 94  100 210 214
106 112 114 114 142 148 264 268 184 184 162 180 153 155 111 156 146 148 116 124 150 150 119 121 107 111 116 116 233 233 122 122 100 102 130 132 176 198 129 129 104 134 125 129 94  96  218 220
104 106 114 114 142 148 256 268 176 184 162 180 153 155 111 160 148 148 124 128 150 150 117 119 111 113 116 118 233 233 122 122 100 102 130 132 198 208 129 131 102 104 121 129 94  114 208 218
104 108 114 114 142 148 264 266 196 196 162 162 153 153 152 156 146 148 116 116 150 152 115 121 111 113 116 116 233 233 110 124 100 102 134 138 206 208 127 131 102 134 113 133 92  98  210 216
102 108 114 114 142 148 266 270 196 196 162 162 153 153 152 152 148 154 116 118 150 152 115 117 111 113 116 116 233 233 110 124 100 100 128 134 206 210 127 129 102 102 113 113 94  98  214 216
102 104 114 114 142 142 264 270 196 196 162 162 153 153 152 160 148 154 118 128 150 150 117 117 111 113 116 116 233 239 110 112 100 120 132 134 206 206 129 129 102 106 113 133 94  100 210 214
102 104 114 114 142 142 262 270 196 196 162 162 153 153 152 160 148 148 116 128 150 152 115 117 113 113 116 116 233 239 112 124 100 120 128 132 206 210 127 129 102 106 113 133 98  100 210 216
102 104 114 114 142 142 262 270 196 196 162 162 153 153 152 160 148 148 116 128 150 152 115 117 113 113 116 116 233 239 112 124 100 120 128 132 206 210 127 129 102 106 113 133 98  100 210 214
106 112 114 114 142 148 264 268 184 184 162 162 153 153 156 160 146 148 116 128 150 150 117 121 107 113 116 118 233 233 122 122 100 100 130 130 176 208 131 135 102 134 121 125 94  114 208 208
112 116 114 114 134 148 258 264 178 178 162 162 153 153 150 156 146 146 116 130 150 150 117 121 107 119 116 116 233 233 116 122 100 100 130 136 176 202 129 135 134 134 125 125 94  96  208 220
LVA
116 116 114 114 142 144 264 264 190 192 162 162 153 155 152 154 148 148 124 124 150 152 117 121 109 119 116 116 233 233 120 130 100 100 132 134 206 206 129 131 110 134 113 125 94  96  212 216
102 102 114 114 144 144 264 264 190 190 164 164 153 153 156 158 150 150 124 124 150 150 109 109 121 121 116 116 233 233 126 126 100 100 140 140 210 210 133 133 134 134 133 133 96  96  212 212
102 102 114 114 144 144 264 264 190 190 164 164 153 153 156 158 150 150 124 124 150 150 109 109 121 121 116 116 233 233 126 126 100 100 140 140 210 210 133 133 134 134 133 133 96  96  212 212
102 102 114 114 144 144 264 264 190 190 164 164 153 153 156 158 150 150 124 124 150 150 109 109 121 121 116 116 233 233 126 126 100 100 140 140 210 210 133 133 134 134 133 133 96  96  212 212
102 102 114 114 144 144 264 264 190 190 164 164 153 153 156 156 150 150 124 124 150 150 109 109 119 121 116 116 233 233 126 134 100 100 132 140 204 210 131 133 134 134 113 133 96  96  212 212
102 102 114 114 144 144 264 264 190 190 164 164 153 153 156 158 150 150 124 124 150 150 109 109 121 121 116 116 233 233 126 126 100 100 140 140 210 210 133 133 134 134 133 133 96  96  212 212
102 102 114 114 144 144 264 264 190 190 164 164 153 153 156 158 150 150 124 124 150 150 109 109 121 121 116 116 233 233 126 126 100 100 140 140 210 210 133 133 134 134 133 133 96  96  212 212
102 102 114 114 144 144 264 264 190 190 164 164 153 153 156 158 150 150 124 124 150 150 109 109 121 121 116 116 233 233 126 126 100 100 140 140 210 210 133 133 134 134 133 133 96  96  212 212
102 102 114 114 146 146 264 264 190 190 162 162 153 153 138 138 148 148 128 128 154 154 111 111 117 117 116 116 233 233 122 122 108 108 136 136 210 210 133 133 134 134 121 121 94  94  212 212
102 104 114 114 142 148 266 272 192 198 162 162 153 155 140 154 148 148 124 130 150 150 109 111 117 121 116 116 233 233 122 126 100 108 136 140 210 210 133 133 134 134 121 133 94  96  212 212
102 102 114 114 142 142 266 266 196 196 162 162 153 153 140 140 148 148 128 128 158 158 113 113 117 117 114 114 233 233 120 120 102 102 132 132 208 208 131 131 134 134 117 117 96  120 208 208
102 116 114 114 142 144 264 264 194 198 162 162 153 153 138 142 148 148 128 130 150 150 113 113 117 117 114 114 233 233 120 120 102 102 132 132 208 208 131 131 104 104 117 117 102 102 212 212
102 116 114 114 142 144 264 264 194 198 162 162 153 153 138 142 148 148 128 130 150 150 109 113 117 117 114 116 233 233 120 122 100 102 112 132 204 208 131 131 104 134 117 117 96  102 208 212
102 116 114 114 142 144 264 264 194 198 162 162 153 153 138 142 148 148 128 130 150 150 109 109 117 117 116 116 233 233 122 122 100 100 112 112 204 204 131 131 134 134 117 117 96  96  208 208
116 116 114 114 142 142 264 264 198 198 162 162 153 153 138 138 148 148 130 130 150 150 113 113 117 117 114 114 233 233 120 120 102 102 132 132 208 208 131 131 104 104 117 117 102 102 208 212
102 116 114 114 142 144 264 264 194 198 162 162 153 153 138 142 148 148 128 130 150 150 109 113 117 117 114 116 233 233 120 122 100 102 112 132 204 208 131 131 104 134 117 117 96  102 208 212
104 116 114 114 144 146 274 274 190 190 162 162 153 153 138 138 148 148 130 130 156 156 121 121 109 109 116 116 233 233 120 120 100 100 132 132 206 206 131 131 110 110 113 113 94  94  216 216
104 116 114 114 142 146 264 274 190 190 162 162 153 153 138 152 148 148 124 130 150 156 111 111 117 117 116 116 233 233 118 118 100 100 132 132 206 206 131 131 104 104 113 113 102 102 212 212
116 116 114 114 142 144 264 274 190 190 162 162 153 153 138 152 148 148 124 130 150 156 121 121 109 109 116 116 233 233 120 120 100 100 132 132 206 206 131 131 110 110 113 113 94  94  216 216
104 106 114 114 142 144 264 264 190 192 162 162 153 153 138 154 144 148 124 128 150 154 113 113 117 117 116 116 233 233 120 120 100 100 132 132 202 206 131 131 96  134 129 129 96  96  206 216
SPT
102 112 122 122 142 142 254 254 192 192 162 172 171 183 129 144 144 156 118 124 156 166 109 117 95  97  116 140 239 239 108 122 116 120 138 148 174 174 105 137 106 134 129 137 98  108 210 210
102 102 122 122 142 142 254 254 192 192 162 172 175 183 129 129 152 156 118 124 156 158 109 115 97  109 116 140 233 239 108 116 116 120 134 138 174 174 127 137 104 134 129 129 98  100 210 210
102 102 122 124 140 142 254 254 186 192 162 182 169 171 138 144 144 144 116 124 156 166 109 113 97  111 122 140 239 239 108 116 116 120 124 138 174 198 105 137 106 134 129 137 98  108 210 212
102 102 122 124 140 142 254 254 186 192 162 172 171 183 129 144 144 156 118 124 156 166 109 113 97  111 122 140 239 239 108 116 116 120 124 138 174 198 105 137 106 134 129 137 98  108 210 210
102 102 104 104 130 140 256 256 176 196 162 172 157 169 126 126 126 136 118 124 146 156 115 117 95  97  116 128 233 239 108 122 112 116 134 148 174 174 137 137 134 134 107 129 98  100 208 210
106 106 122 122 130 136 254 256 170 192 162 172 169 175 126 129 134 156 118 126 148 158 111 115 117 117 128 132 239 243 120 122 98  116 128 136 184 198 123 137 134 134 125 133 96  98  206 206
102 102 126 126 136 136 256 256 170 170 172 180 157 173 125 129 126 144 112 118 156 166 109 109 101 101 116 116 239 239 122 122 116 116 124 124 188 188 141 141 100 100 133 133 98  98  194 194
102 106 122 122 134 146 260 264 168 170 180 180 157 157 125 125 144 144 112 112 156 156 109 121 101 103 116 138 239 239 122 122 110 116 124 134 188 188 137 137 134 134 129 129 114 114 206 214
102 106 124 132 136 140 252 254 172 172 162 180 157 157 125 129 144 150 112 124 158 158 109 109 109 109 136 136 239 239 116 116 100 100 128 128 198 198 135 139 104 134 133 145 98  102 212 214
106 118 132 132 138 140 252 256 168 172 180 180 157 157 125 125 144 144 112 112 144 148 109 115 99  113 138 140 239 239 122 122 116 116 124 134 174 174 141 141 100 100 133 133 98  98  194 214
104 104 136 136 140 140 254 254 182 182 180 180 169 173 125 140 128 144 112 116 144 146 117 119 105 107 132 136 239 245 122 128 98  114 134 136 186 186 141 141 102 102 125 125 108 108 210 210
106 106 126 126 136 142 254 256 178 184 174 174 169 169 125 125 128 128 112 112 158 158 103 109 103 109 136 140 239 239 122 124 118 118 138 144 180 186 131 143 100 134 97  129 98  104 202 206
104 106 126 130 136 140 254 254 178 182 174 174 169 169 125 125 128 128 112 112 158 158 103 119 103 105 132 140 239 245 122 128 98  118 134 138 186 186 141 143 106 134 129 129 100 104 202 210
104 106 126 130 134 136 254 254 178 182 172 174 155 169 125 125 128 128 112 124 156 158 103 117 99  105 136 144 233 233 112 122 100 110 124 138 186 186 125 131 100 134 125 133 98  112 200 202
104 104 130 130 134 134 254 254 182 182 172 174 155 169 125 125 128 128 112 124 156 158 103 117 99  105 136 144 233 233 112 122 100 110 124 138 186 186 125 141 100 106 129 133 98  100 202 206
104 104 122 122 154 154 256 256 192 192 172 180 171 175 125 129 128 128 112 124 158 160 113 115 99  115 138 140 239 239 108 108 98  112 114 136 172 194 137 137 132 132 129 129 96  96  204 206
102 106 122 122 132 154 256 256 178 192 172 180 171 175 125 129 128 138 112 124 158 160 113 117 111 115 136 140 239 239 108 118 98  112 136 138 172 194 135 139 102 134 133 145 108 110 210 210
106 118 122 122 132 132 256 256 178 192 172 180 171 171 125 133 138 138 112 124 150 160 115 119 101 115 128 138 239 239 108 124 98  126 136 136 194 196 141 141 132 134 133 133 96  104 204 206
104 104 122 122 130 152 256 256 178 178 172 180 171 175 125 129 128 138 112 124 158 160 117 119 101 111 128 136 239 239 118 124 112 126 136 138 172 172 141 141 132 134 125 125 96  104 204 206
106 106 128 128 150 152 254 256 182 182 180 180 171 177 125 125 144 144 112 112 160 162 115 115 99  99  138 138 239 239 108 124 112 114 114 136 172 174 131 143 102 132 97  129 96  98  204 210
ST2
104 108 122 124 142 144 266 266 178 192 162 178 157 177 121 126 146 148 120 128 148 150 115 121 113 115 116 132 233 239 124 130 100 102 136 136 184 188 127 131 102 102 117 125 98  100 208 216
104 104 124 124 144 144 262 262 196 196 180 180 157 157 140 140 158 158 116 116 148 148 109 109 113 113 116 116 239 239 100 100 100 100 114 114 182 182 133 133 100 100 137 137 100 100 196 196
106 108 122 122 142 142 266 266 178 178 172 172 153 153 129 129 148 148 124 124 146 148 109 109 115 115 132 132 239 239 100 100 126 126 136 136 186 186 137 137 138 138 117 117 94  94  210 216
106 106 120 122 138 142 264 266 180 186 162 178 155 157 126 146 144 146 120 122 132 140 111 121 113 115 116 118 233 239 100 124 100 102 126 132 180 198 133 137 100 134 117 117 94  108 198 216
106 108 126 132 144 152 258 266 178 178 162 162 157 177 121 121 148 148 128 128 148 148 115 125 113 115 116 132 233 239 100 130 100 102 114 136 182 184 133 137 102 134 125 129 92  100 208 214
104 106 122 122 142 142 264 266 180 180 162 172 153 157 121 129 148 148 124 128 148 148 109 109 115 115 114 132 233 239 100 120 100 126 136 140 176 186 137 137 102 102 125 125 98  98  210 210
104 118 114 114 144 144 264 264 176 176 162 174 153 157 146 148 144 146 122 124 148 166 111 117 113 115 116 116 233 241 128 130 100 102 114 136 184 188 127 127 102 102 125 125 100 100 196 196
106 106 122 122 142 142 264 266 180 180 162 172 153 153 129 142 148 148 124 128 146 148 109 109 115 115 114 132 233 239 100 120 100 126 136 140 176 186 137 137 102 138 117 125 94  98  210 216
108 108 114 122 142 142 260 266 178 190 162 178 157 177 121 126 144 146 120 130 150 166 121 125 113 115 116 116 233 239 120 124 100 102 132 136 188 196 131 131 102 102 117 117 98  98  214 216
106 108 122 122 142 142 264 266 180 180 172 172 153 153 129 129 148 148 124 124 148 148 109 109 115 115 132 132 239 239 100 100 126 126 136 136 186 186 137 137 102 138 117 125 94  98  210 216
104 106 122 122 142 142 264 266 180 180 172 172 153 153 129 129 148 148 124 124 148 148 109 109 115 115 132 132 239 239 100 100 126 126 136 136 186 186 137 137 138 138 117 117 94  94  216 216
104 104 122 122 142 142 264 264 180 180 162 172 153 157 121 129 148 148 124 128 146 148 109 109 115 115 132 132 239 239 100 100 126 126 136 136 186 186 137 137 102 138 117 125 94  98  210 210
104 108 122 122 142 142 264 266 178 180 162 162 157 157 121 121 148 148 128 128 148 148 109 109 115 115 114 132 233 239 100 120 100 126 136 140 176 186 137 137 102 102 125 125 98  98  210 210
106 108 122 122 142 142 266 266 178 178 172 172 153 153 129 129 148 148 124 124 146 148 109 109 115 115 132 132 239 239 100 100 126 126 136 136 186 186 137 137 102 138 117 125 94  98  210 216
104 104 122 122 142 142 264 266 178 180 162 172 153 157 121 129 148 148 124 128 146 148 109 109 115 115 132 132 239 239 100 100 126 126 136 136 186 186 137 137 138 138 117 117 94  94  216 216
104 108 122 122 142 142 264 266 180 180 162 172 153 157 121 129 148 148 124 128 148 148 109 109 115 115 114 132 233 239 100 120 100 126 136 140 176 186 137 137 102 138 117 125 94  98  210 216
106 108 114 124 128 148 264 266 176 176 162 172 153 157 131 140 150 158 122 124 132 146 125 125 103 103 116 116 233 233 126 126 100 100 138 138 174 174 123 127 100 136 121 125 92  100 202 214
106 106 124 124 148 148 266 266 176 178 162 172 153 153 131 140 150 158 122 124 132 166 109 111 105 115 118 132 233 233 100 132 100 102 132 136 180 188 123 123 136 136 121 121 92  92  198 198
106 108 114 114 128 146 264 264 176 178 162 172 153 157 131 140 150 158 122 124 132 146 111 125 103 115 116 132 233 239 102 126 100 100 138 144 174 174 123 133 100 136 121 137 92  100 210 214
106 108 114 132 144 144 258 266 186 194 162 162 153 157 121 140 144 150 122 128 132 166 109 125 103 105 116 118 233 233 126 132 100 102 136 138 180 180 133 133 134 134 117 117 94  94  216 216
