MOUSE MICROSAT DATA FOR RST ANALYSIS
 6 
 20 
 8 
 20 
 20 
 20 
 20 
 20 
 20 
 20 
 20 
3_60
 2 
 60 
3_117
 2 
 117 
3_149
 2 
 149 
3_221
 2 
 221 
3_269
 2 
 269 
3_265
 2 
 265 
POS
-.6159992814064026  -.6159992814064026  -.5074870586395264  -.5074870586395264  -.2638653516769409   .4143421351909637   .179663211107254   .179663211107254   .505489706993103   .844602644443512   .4542414247989655   1.257321238517761   
-.6159992814064026  -.6159992814064026  -.5074870586395264  -.5074870586395264  -9.431348741054535E-002   .4143421351909637   .179663211107254   .179663211107254   .505489706993103   .505489706993103  -.3488384187221527   1.257321238517761   
-.6159992814064026  -.6159992814064026  -.5074870586395264  -.5074870586395264  -.2638653516769409  -.2638653516769409   .179663211107254   .179663211107254   .844602644443512   .844602644443512   .4542414247989655   .4542414247989655   
-.6159992814064026  -.6159992814064026  -.5074870586395264  -.5074870586395264  -.2638653516769409  -.2638653516769409   .179663211107254   .179663211107254   .844602644443512   .844602644443512   .4542414247989655   .4542414247989655   
-.6159992814064026  -.6159992814064026  -.5074870586395264  -.5074870586395264  -.2638653516769409  -.2638653516769409   .179663211107254   .179663211107254   .505489706993103   .844602644443512   .4542414247989655   .4542414247989655   
-.6159992814064026  -.6159992814064026  -.5074870586395264  -.5074870586395264   .4143421351909637   .4143421351909637   .179663211107254   .179663211107254   .505489706993103   .505489706993103   1.257321238517761   1.257321238517761   
-.6159992814064026  -.6159992814064026  -.5074870586395264  -.5074870586395264  -.2638653516769409   .4143421351909637   .179663211107254   .179663211107254   .505489706993103   .844602644443512   .4542414247989655   1.257321238517761   
-.6159992814064026  -.6159992814064026  -.5074870586395264  -.5074870586395264  -.2638653516769409   .4143421351909637   .179663211107254   .179663211107254   .505489706993103   .844602644443512   .4542414247989655   1.257321238517761   
-.6159992814064026  -.6159992814064026  -.5074870586395264  -.5074870586395264  -.2638653516769409   .4143421351909637   .179663211107254   .179663211107254   .505489706993103   .844602644443512   .4542414247989655   1.257321238517761   
-.6159992814064026  -.6159992814064026  -.5074870586395264  -.5074870586395264   .4143421351909637   .4143421351909637   .179663211107254   .179663211107254   .505489706993103   .505489706993103   1.257321238517761   1.257321238517761   
-.6159992814064026  -.6159992814064026  -.5074870586395264  -.5074870586395264  -.2638653516769409  -.2638653516769409   .179663211107254   .179663211107254   .844602644443512   .844602644443512   .4542414247989655   .4542414247989655   
-.6159992814064026  -.6159992814064026  -.5074870586395264  -.5074870586395264  -.2638653516769409  -.2638653516769409   .179663211107254   .179663211107254   .505489706993103   .844602644443512   .4542414247989655   .4542414247989655   
-.6159992814064026  -.6159992814064026  -.5074870586395264  -.5074870586395264  -.2638653516769409   .4143421351909637   .179663211107254   .179663211107254   .505489706993103   .844602644443512   .4542414247989655   1.257321238517761   
-.6159992814064026  -.6159992814064026  -.5074870586395264  -.5074870586395264  -.2638653516769409  -9.431348741054535E-002   .179663211107254   .179663211107254   .505489706993103   .844602644443512   1.257321238517761   1.257321238517761   
-.6159992814064026  -.6159992814064026  -.5074870586395264  -.5074870586395264   .4143421351909637   .4143421351909637   .179663211107254   .179663211107254   .505489706993103   .505489706993103   1.257321238517761   1.257321238517761   
-.6159992814064026  -.6159992814064026  -.5074870586395264  -.5074870586395264  -.2638653516769409   .7534458637237549   .179663211107254   .179663211107254   .505489706993103   .505489706993103   .4542414247989655   1.257321238517761   
-.6159992814064026  -.6159992814064026  -.5074870586395264  -.5074870586395264  -.2638653516769409   .4143421351909637   .179663211107254   .179663211107254   .505489706993103   .505489706993103   .4542414247989655   1.257321238517761   
-.6159992814064026  -.6159992814064026  -.5074870586395264  -.5074870586395264  -.2638653516769409  -9.431348741054535E-002   .179663211107254   .179663211107254   .505489706993103   .844602644443512  -.3488384187221527   .4542414247989655   
-.6159992814064026  -.6159992814064026  -.5074870586395264  -.5074870586395264  -.2638653516769409  -.2638653516769409   .179663211107254   .179663211107254   .844602644443512   .844602644443512   .4542414247989655   .4542414247989655   
-.6159992814064026  -.6159992814064026  -.5074870586395264  -.5074870586395264  -.2638653516769409  -.2638653516769409   .179663211107254   .179663211107254   .844602644443512   .844602644443512   .4542414247989655   .4542414247989655   
ST1
-.6159992814064026  -.6159992814064026  -.5074870586395264  -.5074870586395264  -2.383263826370239   1.092549562454224   .179663211107254   .5707681179046631  -.1727361679077148   1.183715581893921  -.7503783106803894  -.3488384187221527   
 2.162552118301392   2.162552118301392   2.352018594741821   2.352018594741821  -9.431348741054535E-002  -9.431348741054535E-002   .179663211107254   .179663211107254  -1.529187917709351  -1.529187917709351  -.3488384187221527  -.3488384187221527   
-.6159992814064026  -.6159992814064026  -.5074870586395264  -3.090278618037701E-002  -1.705056309700012   .4143421351909637  -.2114416807889938  -.2114416807889938  -.5118491053581238   .505489706993103   5.270149931311607E-002   5.270149931311607E-002   
-.6159992814064026  -.6159992814064026  -.5074870586395264  -.5074870586395264  -1.705056309700012  -1.705056309700012  -.2114416807889938  -.2114416807889938   .505489706993103   .505489706993103   5.270149931311607E-002   5.270149931311607E-002   
-.6159992814064026  -.6159992814064026  -.5074870586395264  -.5074870586395264  -1.705056309700012  -1.705056309700012  -.2114416807889938  -.2114416807889938   .505489706993103   .505489706993103   5.270149931311607E-002   5.270149931311607E-002   
 1.0511314868927   2.162552118301392   2.352018594741821   2.352018594741821  -9.431348741054535E-002   .7534458637237549   .179663211107254   .5707681179046631  -1.529187917709351  -.1727361679077148  -.3488384187221527  -.3488384187221527   
 1.0511314868927   1.0511314868927  -.5074870586395264  -.5074870586395264   .7534458637237549   .7534458637237549   .5707681179046631   .5707681179046631  -.1727361679077148  -.1727361679077148  -.3488384187221527  -.3488384187221527   
 1.0511314868927   2.162552118301392  -.5074870586395264   2.352018594741821  -9.431348741054535E-002   .7534458637237549   .179663211107254   .5707681179046631  -1.529187917709351  -.1727361679077148  -.3488384187221527  -.3488384187221527   
 2.162552118301392   2.162552118301392   2.352018594741821   2.352018594741821  -9.431348741054535E-002  -9.431348741054535E-002   .179663211107254   .179663211107254  -1.529187917709351  -1.529187917709351  -.3488384187221527  -.3488384187221527   
 2.162552118301392   2.162552118301392   2.352018594741821   2.352018594741821  -9.431348741054535E-002  -9.431348741054535E-002   .179663211107254   .179663211107254  -1.529187917709351  -1.529187917709351  -.3488384187221527  -.3488384187221527   
 2.162552118301392   2.162552118301392   2.352018594741821   2.352018594741821  -9.431348741054535E-002  -9.431348741054535E-002   .179663211107254   .179663211107254  -1.529187917709351  -1.529187917709351  -.3488384187221527  -.3488384187221527   
 2.162552118301392   2.162552118301392   2.352018594741821   2.352018594741821  -9.431348741054535E-002  -9.431348741054535E-002   .179663211107254   .179663211107254  -1.529187917709351  -1.529187917709351  -.3488384187221527  -.3488384187221527   
 2.162552118301392   2.162552118301392   2.352018594741821   2.352018594741821  -9.431348741054535E-002  -9.431348741054535E-002   .179663211107254   .179663211107254  -1.529187917709351  -1.529187917709351  -.3488384187221527  -.3488384187221527   
 2.162552118301392   2.162552118301392   2.352018594741821   2.352018594741821  -9.431348741054535E-002  -9.431348741054535E-002   .179663211107254   .179663211107254  -1.529187917709351  -1.529187917709351  -.3488384187221527  -.3488384187221527   
 2.162552118301392   2.162552118301392   2.352018594741821   2.352018594741821  -9.431348741054535E-002  -9.431348741054535E-002   .179663211107254   .179663211107254  -1.529187917709351  -1.529187917709351  -.3488384187221527  -.3488384187221527   
-.6159992814064026   2.162552118301392  -3.090278618037701E-002   2.352018594741821  -1.705056309700012  -9.431348741054535E-002  -.6025465726852417   .179663211107254  -1.529187917709351   .505489706993103  -.3488384187221527  -.3488384187221527   
-.6159992814064026   2.162552118301392  -3.090278618037701E-002   2.352018594741821  -1.705056309700012  -9.431348741054535E-002  -.6025465726852417   .179663211107254  -1.529187917709351   .505489706993103  -.3488384187221527  -.3488384187221527   
-.6159992814064026  -.6159992814064026  -3.090278618037701E-002  -3.090278618037701E-002  -1.705056309700012  -1.705056309700012  -.6025465726852417   .179663211107254   .505489706993103   .505489706993103  -.3488384187221527  -.3488384187221527   
-.6159992814064026   2.162552118301392  -3.090278618037701E-002   2.352018594741821  -1.705056309700012  -9.431348741054535E-002  -.6025465726852417   .179663211107254  -1.529187917709351   .505489706993103  -.3488384187221527  -.3488384187221527   
 2.162552118301392   2.162552118301392   2.352018594741821   2.352018594741821  -9.431348741054535E-002  -9.431348741054535E-002   .179663211107254   .179663211107254  -1.529187917709351  -1.529187917709351  -.3488384187221527  -.3488384187221527   
CRE
-.6159992814064026  -.3381441235542297  -.5074870586395264  -.5074870586395264   1.092549562454224   1.601205229759216   .179663211107254   .5707681179046631  -1.529187917709351   1.183715581893921  -.3488384187221527  -.3488384187221527   
-.6159992814064026  -.3381441235542297  -.5074870586395264  -.5074870586395264   .5838940143585205   1.092549562454224   .179663211107254   .179663211107254   .505489706993103   1.522828459739685  -.7503783106803894  -.3488384187221527   
-.6159992814064026  -.6159992814064026  -.5074870586395264  -.5074870586395264   .7534458637237549   1.092549562454224   .179663211107254   .179663211107254   .505489706993103   .505489706993103  -.3488384187221527  -.3488384187221527   
-.6159992814064026  -.6159992814064026  -.5074870586395264  -.5074870586395264   .7534458637237549   1.092549562454224   .179663211107254   .179663211107254   .505489706993103   .505489706993103  -.3488384187221527   .4542414247989655   
-.6159992814064026  -.6159992814064026  -.5074870586395264  -.5074870586395264   .7534458637237549   1.092549562454224   .179663211107254   .179663211107254   .505489706993103   .505489706993103  -.3488384187221527  -.3488384187221527   
-.6159992814064026  -.6159992814064026  -.5074870586395264  -.5074870586395264   .4143421351909637   .4143421351909637   .179663211107254   .179663211107254   .505489706993103   .505489706993103   1.257321238517761   1.257321238517761   
-.6159992814064026  -.6159992814064026  -.5074870586395264  -.5074870586395264   .9229977130889893   .9229977130889893   .9618729948997498   .9618729948997498   .505489706993103   .505489706993103  -.3488384187221527  -.3488384187221527   
 2.162552118301392   2.162552118301392  -.2691949307918549  -.2691949307918549  -2.383263826370239  -2.383263826370239   .179663211107254   .179663211107254  -.1727361679077148  -.1727361679077148   .4542414247989655   .4542414247989655   
-.6159992814064026  -.6159992814064026  -.5074870586395264  -.5074870586395264   .9229977130889893   .9229977130889893   .9618729948997498   .9618729948997498   .505489706993103   .505489706993103  -.3488384187221527  -.3488384187221527   
-.6159992814064026  -.3381441235542297  -.5074870586395264  -.5074870586395264   .9229977130889893   1.092549562454224   .179663211107254   .9618729948997498   .505489706993103   1.183715581893921  -.3488384187221527  -.3488384187221527   
-.6159992814064026  -.3381441235542297  -.5074870586395264  -.5074870586395264   .5838940143585205   .9229977130889893   .179663211107254   .9618729948997498   .505489706993103   1.183715581893921  -.7503783106803894  -.3488384187221527   
-.6159992814064026  -.3381441235542297  -.5074870586395264  -.5074870586395264   .5838940143585205   .9229977130889893   .9618729948997498   .9618729948997498  -.1727361679077148   1.183715581893921  -.3488384187221527  -.3488384187221527   
-.6159992814064026  -.6159992814064026  -.5074870586395264  -.5074870586395264   .9229977130889893   .9229977130889893   .9618729948997498   .9618729948997498   .505489706993103   .505489706993103  -.3488384187221527  -.3488384187221527   
-.6159992814064026   2.162552118301392  -.5074870586395264  -.2691949307918549  -2.383263826370239   .9229977130889893   .179663211107254   .9618729948997498  -.1727361679077148   .505489706993103  -.3488384187221527   .4542414247989655   
-.6159992814064026  -.3381441235542297  -.5074870586395264  -.5074870586395264   .9229977130889893   1.092549562454224   .179663211107254   .9618729948997498   .505489706993103   1.183715581893921  -.3488384187221527  -.3488384187221527   
-.6159992814064026  -.3381441235542297  -.5074870586395264  -.5074870586395264   .4143421351909637   1.092549562454224   .179663211107254   .179663211107254   1.183715581893921   1.183715581893921  -.3488384187221527  -.3488384187221527   
-.6159992814064026   2.162552118301392  -.5074870586395264  -.2691949307918549  -2.383263826370239   .9229977130889893   .179663211107254   .9618729948997498  -.1727361679077148   .505489706993103  -.3488384187221527   .4542414247989655   
-.3381441235542297   2.162552118301392  -.5074870586395264  -.2691949307918549  -2.383263826370239   1.092549562454224   .179663211107254   .179663211107254  -.1727361679077148   1.183715581893921  -.3488384187221527   .4542414247989655   
-.6159992814064026  -.3381441235542297  -.5074870586395264  -.5074870586395264   .9229977130889893   1.092549562454224   .179663211107254   .9618729948997498   .505489706993103   1.183715581893921  -.3488384187221527  -.3488384187221527   
-.6159992814064026  -.6159992814064026  -.5074870586395264  -.5074870586395264   .7534458637237549   1.092549562454224  -.2114416807889938   .9618729948997498   .505489706993103   .844602644443512  -.3488384187221527  -.3488384187221527   
GAL
-.6159992814064026  -.6159992814064026  -.5074870586395264  -.5074870586395264   .4143421351909637   .4143421351909637   .179663211107254   .179663211107254   .505489706993103   .505489706993103   1.257321238517761   1.257321238517761   
 0   0   .564827561378479  -1.222363471984863   1.007773637771606   .4143421351909637   .9618729948997498   .179663211107254   3.896619081497192   .844602644443512  -3.962697505950928   .4542414247989655   
-.6159992814064026  -.6159992814064026  -.5074870586395264  -.5074870586395264   .4143421351909637   .4143421351909637   .179663211107254   .179663211107254   .505489706993103   .505489706993103   1.257321238517761   1.257321238517761   
-.6159992814064026  -.6159992814064026  -.5074870586395264  -.5074870586395264   .4143421351909637   .9229977130889893   .179663211107254   .179663211107254  -.1727361679077148   1.183715581893921  -.7503783106803894  -.3488384187221527   
-.6159992814064026  -.6159992814064026  -1.222363471984863  -.5074870586395264   .4143421351909637   .9229977130889893   .179663211107254   .179663211107254   .844602644443512   1.183715581893921  -.3488384187221527   .4542414247989655   
-.6159992814064026  -.6159992814064026  -.5074870586395264  -.5074870586395264   .4143421351909637   .4143421351909637   .179663211107254   .179663211107254  -.1727361679077148  -.1727361679077148  -.7503783106803894  -.7503783106803894   
-.6159992814064026  -.6159992814064026  -.5074870586395264  -.5074870586395264   .4143421351909637   .9229977130889893   .179663211107254   .179663211107254  -.1727361679077148   1.183715581893921  -.7503783106803894  -.3488384187221527   
-.6159992814064026  -.6159992814064026  -.5074870586395264  -.5074870586395264   .9229977130889893   .9229977130889893   .179663211107254   .179663211107254   1.183715581893921   1.183715581893921  -.3488384187221527   .4542414247989655   
-.6159992814064026  -.6159992814064026  -1.222363471984863  -.5074870586395264   .4143421351909637   .4143421351909637   .179663211107254   .179663211107254  -.1727361679077148   .844602644443512  -.7503783106803894   .4542414247989655   
-.6159992814064026  -.6159992814064026  -.5074870586395264  -.5074870586395264   .4143421351909637   .9229977130889893   .179663211107254   .179663211107254  -.1727361679077148   1.183715581893921  -.7503783106803894  -.3488384187221527   
-.6159992814064026  -.6159992814064026  -.5074870586395264  -.5074870586395264   .244790256023407   1.262101531028748   .179663211107254   .5707681179046631   .844602644443512   1.183715581893921  -.3488384187221527   .4542414247989655   
-.6159992814064026  -.6159992814064026  -.5074870586395264  -.5074870586395264   .244790256023407   .9229977130889893   .179663211107254   .179663211107254   1.183715581893921   1.522828459739685   .4542414247989655   .4542414247989655   
-.6159992814064026  -.6159992814064026  -.5074870586395264  -.5074870586395264   .244790256023407   .5838940143585205   .179663211107254   .179663211107254  -.1727361679077148   1.183715581893921  -.3488384187221527   .4542414247989655   
-.6159992814064026  -.6159992814064026  -.5074870586395264  -.5074870586395264   .244790256023407   .244790256023407   .179663211107254   .179663211107254   1.183715581893921   1.183715581893921   .4542414247989655   .4542414247989655   
-.6159992814064026  -.6159992814064026  -.5074870586395264  -.5074870586395264   .9229977130889893   .9229977130889893   .179663211107254   .179663211107254  -1.529187917709351   .844602644443512  -.3488384187221527  -.3488384187221527   
-.6159992814064026  -.6159992814064026  -.5074870586395264  -.5074870586395264   .9229977130889893   .9229977130889893   .179663211107254   .179663211107254   .844602644443512   .844602644443512  -.3488384187221527   .4542414247989655   
-.6159992814064026  -.6159992814064026  -.5074870586395264  -.5074870586395264   .244790256023407   .9229977130889893   .179663211107254   .179663211107254   .844602644443512   1.183715581893921  -.7503783106803894   .4542414247989655   
-.6159992814064026  -.6159992814064026  -1.222363471984863  -.5074870586395264   .4143421351909637   .9229977130889893   .179663211107254   .179663211107254   .844602644443512   1.522828459739685   .4542414247989655   .8557813167572021   
-.6159992814064026  -.6159992814064026  -.5074870586395264  -.5074870586395264  -.6029691100120544   1.940308928489685   .9618729948997498   .9618729948997498   .1663767695426941   .505489706993103  -.7503783106803894  -.3488384187221527   
-.6159992814064026  -.6159992814064026  -.5074870586395264  -.5074870586395264   .9229977130889893   .9229977130889893   .179663211107254   .179663211107254   .844602644443512   .844602644443512  -.3488384187221527  -.3488384187221527   
BIN
-.6159992814064026  -.6159992814064026  -.5074870586395264  -.5074870586395264   .7534458637237549   .7534458637237549  -.2114416807889938  -.2114416807889938   .844602644443512   .844602644443512  -.3488384187221527  -.3488384187221527   
-.6159992814064026  -.6159992814064026  -.5074870586395264  -.5074870586395264   .4143421351909637   .4143421351909637   .179663211107254   .179663211107254   .505489706993103   .505489706993103   1.257321238517761   1.257321238517761   
-.6159992814064026  -.6159992814064026  -.5074870586395264  -.5074870586395264   .9229977130889893   1.262101531028748   .179663211107254   .179663211107254  -.8509620428085327   .505489706993103  -.7503783106803894  -.3488384187221527   
-.6159992814064026  -.6159992814064026  -.5074870586395264  -.5074870586395264   .7534458637237549   .9229977130889893  -.2114416807889938   .179663211107254  -.8509620428085327   .844602644443512  -.3488384187221527  -.3488384187221527   
-.6159992814064026  -.6159992814064026  -.5074870586395264  -.5074870586395264   .7534458637237549   .7534458637237549  -.2114416807889938  -.2114416807889938   .844602644443512   .844602644443512  -.3488384187221527  -.3488384187221527   
-.6159992814064026  -.6159992814064026  -.5074870586395264  -.5074870586395264   .7534458637237549   .7534458637237549  -.2114416807889938  -.2114416807889938   .844602644443512   .844602644443512  -.3488384187221527  -.3488384187221527   
-.6159992814064026  -.6159992814064026  -.5074870586395264  -.5074870586395264   .7534458637237549   .7534458637237549  -.2114416807889938  -.2114416807889938   .844602644443512   .844602644443512  -.3488384187221527  -.3488384187221527   
-.6159992814064026  -.6159992814064026  -.5074870586395264  -.5074870586395264   .7534458637237549   .7534458637237549  -.2114416807889938  -.2114416807889938   .844602644443512   .844602644443512  -.3488384187221527  -.3488384187221527   
-.6159992814064026  -.6159992814064026  -.5074870586395264  -.5074870586395264   .7534458637237549   1.092549562454224  -.2114416807889938  -.2114416807889938   .844602644443512   .844602644443512  -.3488384187221527  -.3488384187221527   
-.6159992814064026  -.6159992814064026  -.5074870586395264  -.5074870586395264   .4143421351909637   .4143421351909637   .179663211107254   .179663211107254   1.183715581893921   1.183715581893921  -.3488384187221527  -.3488384187221527   
-.6159992814064026  -.6159992814064026  -.5074870586395264  -.5074870586395264   .9229977130889893   1.601205229759216   .179663211107254   .179663211107254  -1.529187917709351   .505489706993103  -.3488384187221527   5.270149931311607E-002   
-.6159992814064026   1.884696841239929  -.5074870586395264  -.2691949307918549  -2.552815675735474   1.262101531028748  -.2114416807889938   .179663211107254  -1.529187917709351  -.1727361679077148  -.3488384187221527  -.3488384187221527   
-.6159992814064026   1.884696841239929  -.5074870586395264  -.2691949307918549  -2.552815675735474   1.601205229759216   .179663211107254   .179663211107254  -.1727361679077148   .505489706993103  -.3488384187221527  -.3488384187221527   
-.6159992814064026  -.6159992814064026  -.5074870586395264  -.5074870586395264   .9229977130889893   1.262101531028748  -.2114416807889938   .179663211107254  -1.529187917709351  -1.529187917709351  -.3488384187221527   5.270149931311607E-002   
-.6159992814064026  -.6159992814064026  -.5074870586395264  -.5074870586395264   .9229977130889893   .9229977130889893   .179663211107254   1.352977871894836  -1.529187917709351  -1.190074920654297  -.3488384187221527   5.270149931311607E-002   
-.6159992814064026  -.6159992814064026  -.5074870586395264  -.5074870586395264   .9229977130889893   1.601205229759216   .179663211107254   1.352977871894836  -1.190074920654297   .505489706993103  -.3488384187221527  -.3488384187221527   
-.6159992814064026  -.6159992814064026  -.5074870586395264  -.5074870586395264   .9229977130889893   1.601205229759216   .179663211107254   .179663211107254  -1.529187917709351   .505489706993103  -.3488384187221527   5.270149931311607E-002   
-.6159992814064026  -.6159992814064026  -.5074870586395264  -.5074870586395264   .9229977130889893   1.601205229759216   .179663211107254   .179663211107254  -1.529187917709351   .505489706993103  -.3488384187221527   5.270149931311607E-002   
-.6159992814064026  -.6159992814064026  -.5074870586395264  -.5074870586395264   1.262101531028748   1.601205229759216  -.2114416807889938   .179663211107254  -1.529187917709351   .505489706993103  -.3488384187221527  -.3488384187221527   
-.6159992814064026  -.6159992814064026  -.5074870586395264  -.5074870586395264   .7534458637237549   1.262101531028748  -.2114416807889938  -.2114416807889938  -1.529187917709351   .844602644443512  -.3488384187221527  -.3488384187221527   
LVA
-.6159992814064026  -.6159992814064026  -.5074870586395264  -.2691949307918549   .9229977130889893   1.092549562454224   .179663211107254   .179663211107254  -.1727361679077148  -.1727361679077148  -.3488384187221527   5.270149931311607E-002   
-.3381441235542297  -.3381441235542297  -.5074870586395264  -.5074870586395264   1.262101531028748   1.431653380393982   .5707681179046631   .5707681179046631  -.1727361679077148  -.1727361679077148  -.3488384187221527  -.3488384187221527   
-.3381441235542297  -.3381441235542297  -.5074870586395264  -.5074870586395264   1.262101531028748   1.431653380393982   .5707681179046631   .5707681179046631  -.1727361679077148  -.1727361679077148  -.3488384187221527  -.3488384187221527   
-.3381441235542297  -.3381441235542297  -.5074870586395264  -.5074870586395264   1.262101531028748   1.431653380393982   .5707681179046631   .5707681179046631  -.1727361679077148  -.1727361679077148  -.3488384187221527  -.3488384187221527   
-.3381441235542297  -.3381441235542297  -.5074870586395264  -.5074870586395264   1.262101531028748   1.262101531028748   .5707681179046631   .5707681179046631  -.1727361679077148  -.1727361679077148  -.3488384187221527  -.3488384187221527   
-.3381441235542297  -.3381441235542297  -.5074870586395264  -.5074870586395264   1.262101531028748   1.431653380393982   .5707681179046631   .5707681179046631  -.1727361679077148  -.1727361679077148  -.3488384187221527  -.3488384187221527   
-.3381441235542297  -.3381441235542297  -.5074870586395264  -.5074870586395264   1.262101531028748   1.431653380393982   .5707681179046631   .5707681179046631  -.1727361679077148  -.1727361679077148  -.3488384187221527  -.3488384187221527   
-.3381441235542297  -.3381441235542297  -.5074870586395264  -.5074870586395264   1.262101531028748   1.431653380393982   .5707681179046631   .5707681179046631  -.1727361679077148  -.1727361679077148  -.3488384187221527  -.3488384187221527   
-.6159992814064026  -.6159992814064026  -.5074870586395264  -.5074870586395264  -.2638653516769409  -.2638653516769409   .179663211107254   .179663211107254   .505489706993103   .505489706993103   .4542414247989655   .4542414247989655   
-.6159992814064026  -.6159992814064026  -.5074870586395264  -.2691949307918549  -9.431348741054535E-002   1.092549562454224   .179663211107254   .179663211107254  -.1727361679077148   .844602644443512  -.3488384187221527  -.3488384187221527   
-.6159992814064026  -.6159992814064026  -.5074870586395264  -.5074870586395264  -9.431348741054535E-002  -9.431348741054535E-002   .179663211107254   .179663211107254   .505489706993103   .505489706993103   1.257321238517761   1.257321238517761   
-.6159992814064026  -.6159992814064026  -.5074870586395264  -.5074870586395264  -.2638653516769409   7.523838430643082E-002   .179663211107254   .179663211107254   .505489706993103   .844602644443512  -.3488384187221527  -.3488384187221527   
-.6159992814064026  -.6159992814064026  -.5074870586395264  -.5074870586395264  -.2638653516769409   7.523838430643082E-002   .179663211107254   .179663211107254   .505489706993103   .844602644443512  -.3488384187221527  -.3488384187221527   
-.6159992814064026  -.6159992814064026  -.5074870586395264  -.5074870586395264  -.2638653516769409   7.523838430643082E-002   .179663211107254   .179663211107254   .505489706993103   .844602644443512  -.3488384187221527  -.3488384187221527   
-.6159992814064026  -.6159992814064026  -.5074870586395264  -.5074870586395264  -.2638653516769409  -.2638653516769409   .179663211107254   .179663211107254   .844602644443512   .844602644443512  -.3488384187221527  -.3488384187221527   
-.6159992814064026  -.6159992814064026  -.5074870586395264  -.5074870586395264  -.2638653516769409   7.523838430643082E-002   .179663211107254   .179663211107254   .505489706993103   .844602644443512  -.3488384187221527  -.3488384187221527   
-.6159992814064026  -.6159992814064026  -.5074870586395264  -.5074870586395264  -.2638653516769409  -.2638653516769409   .179663211107254   .179663211107254   .844602644443512   .844602644443512   .8557813167572021   .8557813167572021   
-.6159992814064026  -.6159992814064026  -.5074870586395264  -.5074870586395264  -.2638653516769409   .9229977130889893   .179663211107254   .179663211107254  -.1727361679077148   .844602644443512  -.3488384187221527   .8557813167572021   
-.6159992814064026  -.6159992814064026  -.5074870586395264  -.5074870586395264  -.2638653516769409   .9229977130889893   .179663211107254   .179663211107254  -.1727361679077148   .844602644443512  -.3488384187221527   .8557813167572021   
-.6159992814064026  -.6159992814064026  -.5074870586395264  -.5074870586395264  -.2638653516769409   1.092549562454224  -.6025465726852417   .179663211107254  -.1727361679077148   .505489706993103  -.3488384187221527   .4542414247989655   
SPT
-.6159992814064026   .7732763886451721   1.637142300605774   3.066895246505737  -1.026848793029785   .244790256023407  -.6025465726852417   1.744082808494568  -1.190074920654297  -.1727361679077148   .8557813167572021   2.863480806350708   
-.6159992814064026   .7732763886451721   2.113726615905762   3.066895246505737  -1.026848793029785  -1.026848793029785   .9618729948997498   1.744082808494568  -1.190074920654297  -.1727361679077148   .8557813167572021   1.257321238517761   
-.6159992814064026   2.162552118301392   1.398850083351135   1.637142300605774  -.2638653516769409   .244790256023407  -.6025465726852417  -.6025465726852417  -1.529187917709351  -.1727361679077148   .8557813167572021   2.863480806350708   
-.6159992814064026   .7732763886451721   1.637142300605774   3.066895246505737  -1.026848793029785   .244790256023407  -.6025465726852417   1.744082808494568  -1.190074920654297  -.1727361679077148   .8557813167572021   2.863480806350708   
-.6159992814064026   .7732763886451721  -3.090278618037701E-002   1.398850083351135  -1.281176567077637  -1.281176567077637  -4.122490882873535  -2.166966199874878  -1.190074920654297  -.1727361679077148  -1.151918172836304   .8557813167572021   
-.6159992814064026   .7732763886451721   1.398850083351135   2.113726615905762  -1.281176567077637  -1.026848793029785  -2.558071136474609   1.744082808494568  -1.190074920654297   .1663767695426941  -.7503783106803894   1.257321238517761   
 .7732763886451721   1.884696841239929  -3.090278618037701E-002   1.875434398651123  -1.365952491760254  -1.026848793029785  -4.122490882873535  -.6025465726852417  -2.207413673400879  -1.190074920654297   .8557813167572021   2.863480806350708   
 1.884696841239929   1.884696841239929  -3.090278618037701E-002  -3.090278618037701E-002  -1.365952491760254  -1.365952491760254  -.6025465726852417  -.6025465726852417  -2.207413673400879  -2.207413673400879   .8557813167572021   .8557813167572021   
-.6159992814064026   1.884696841239929  -3.090278618037701E-002  -3.090278618037701E-002  -1.365952491760254  -1.026848793029785  -.6025465726852417   .5707681179046631  -2.207413673400879  -.1727361679077148   1.257321238517761   1.257321238517761   
 1.884696841239929   1.884696841239929  -3.090278618037701E-002  -3.090278618037701E-002  -1.365952491760254  -1.365952491760254  -.6025465726852417  -.6025465726852417  -2.207413673400879  -2.207413673400879  -1.553458094596863  -.7503783106803894   
 1.884696841239929   1.884696841239929   1.398850083351135   1.875434398651123  -1.365952491760254  -9.431348741054535E-002  -3.731385707855225  -.6025465726852417  -2.207413673400879  -1.529187917709351  -1.553458094596863  -1.151918172836304   
 1.0511314868927   1.0511314868927   1.398850083351135   1.398850083351135  -1.365952491760254  -1.365952491760254  -3.731385707855225  -3.731385707855225  -2.207413673400879  -2.207413673400879   1.257321238517761   1.257321238517761   
 1.0511314868927   1.0511314868927   1.398850083351135   1.398850083351135  -1.365952491760254  -1.365952491760254  -3.731385707855225  -3.731385707855225  -2.207413673400879  -2.207413673400879   1.257321238517761   1.257321238517761   
 .7732763886451721   1.0511314868927  -.2691949307918549   1.398850083351135  -1.365952491760254  -1.365952491760254  -3.731385707855225  -3.731385707855225  -2.207413673400879  -.1727361679077148   .8557813167572021   1.257321238517761   
 .7732763886451721   1.0511314868927  -.2691949307918549   1.398850083351135  -1.365952491760254  -1.365952491760254  -3.731385707855225  -3.731385707855225  -2.207413673400879  -.1727361679077148   .8557813167572021   1.257321238517761   
 .7732763886451721   1.884696841239929   1.637142300605774   2.113726615905762  -1.365952491760254  -1.026848793029785  -3.731385707855225  -3.731385707855225  -2.207413673400879  -.1727361679077148   1.257321238517761   1.65886116027832   
 .7732763886451721   1.884696841239929   1.637142300605774   2.113726615905762  -1.365952491760254  -1.026848793029785  -3.731385707855225  -1.775861263275146  -2.207413673400879  -.1727361679077148   1.257321238517761   1.65886116027832   
 .7732763886451721   1.884696841239929   1.637142300605774   1.637142300605774  -1.365952491760254  -.6877450346946716  -1.775861263275146  -1.775861263275146  -2.207413673400879  -.1727361679077148  -.3488384187221527   1.65886116027832   
 .7732763886451721   1.884696841239929   1.637142300605774   2.113726615905762  -1.365952491760254  -1.026848793029785  -3.731385707855225  -1.775861263275146  -2.207413673400879  -.1727361679077148   1.257321238517761   1.65886116027832   
 1.884696841239929   1.884696841239929   1.637142300605774   2.352018594741821  -1.365952491760254  -1.365952491760254  -.6025465726852417  -.6025465726852417  -2.207413673400879  -2.207413673400879   1.65886116027832   2.06040096282959   
ST2
-.6159992814064026   1.606841802597046  -3.090278618037701E-002   2.352018594741821  -1.705056309700012  -1.281176567077637  -.2114416807889938   .179663211107254  -.8509620428085327   .505489706993103  -.7503783106803894  -.3488384187221527   
 1.884696841239929   1.884696841239929  -3.090278618037701E-002  -3.090278618037701E-002  -9.431348741054535E-002  -9.431348741054535E-002   2.13518762588501   2.13518762588501  -1.529187917709351  -1.529187917709351  -.7503783106803894  -.7503783106803894   
 .7732763886451721   .7732763886451721  -.5074870586395264  -.5074870586395264  -1.026848793029785  -1.026848793029785   .179663211107254   .179663211107254  -.1727361679077148  -.1727361679077148  -1.151918172836304  -.7503783106803894   
-.6159992814064026   1.606841802597046  -.2691949307918549  -3.090278618037701E-002  -1.281176567077637   .4143421351909637  -.6025465726852417  -.2114416807889938  -.8509620428085327  -.5118491053581238  -3.962697505950928  -2.356538057327271   
-.6159992814064026  -.6159992814064026  -3.090278618037701E-002   2.352018594741821  -1.705056309700012  -1.705056309700012   .179663211107254   .179663211107254   .505489706993103   .505489706993103  -.7503783106803894  -.7503783106803894   
-.6159992814064026   .7732763886451721  -.5074870586395264  -3.090278618037701E-002  -1.705056309700012  -1.026848793029785   .179663211107254   .179663211107254  -.1727361679077148   .505489706993103  -.7503783106803894  -.7503783106803894   
-.6159992814064026   1.0511314868927  -.5074870586395264  -3.090278618037701E-002   .4143421351909637   .5838940143585205  -.6025465726852417  -.2114416807889938  -.5118491053581238  -.1727361679077148  -.7503783106803894   2.863480806350708   
-.6159992814064026   .7732763886451721  -.5074870586395264  -.5074870586395264  -1.026848793029785   7.523838430643082E-002   .179663211107254   .179663211107254  -.1727361679077148   .505489706993103  -1.151918172836304  -.7503783106803894   
-.6159992814064026   1.606841802597046  -3.090278618037701E-002   2.352018594741821  -1.705056309700012  -1.281176567077637  -.6025465726852417  -.2114416807889938  -.8509620428085327   .844602644443512  -.3488384187221527   2.863480806350708   
 .7732763886451721   .7732763886451721  -.5074870586395264  -.5074870586395264  -1.026848793029785  -1.026848793029785   .179663211107254   .179663211107254  -.1727361679077148  -.1727361679077148  -.7503783106803894  -.7503783106803894   
 .7732763886451721   .7732763886451721  -.5074870586395264  -.5074870586395264  -1.026848793029785  -1.026848793029785   .179663211107254   .179663211107254  -.1727361679077148  -.1727361679077148  -.7503783106803894  -.7503783106803894   
-.6159992814064026   .7732763886451721  -.5074870586395264  -3.090278618037701E-002  -1.705056309700012  -1.026848793029785   .179663211107254   .179663211107254  -.1727361679077148   .505489706993103  -1.151918172836304  -.7503783106803894   
-.6159992814064026  -.6159992814064026  -3.090278618037701E-002  -3.090278618037701E-002  -1.705056309700012  -1.705056309700012   .179663211107254   .179663211107254   .505489706993103   .505489706993103  -.7503783106803894  -.7503783106803894   
 .7732763886451721   .7732763886451721  -.5074870586395264  -.5074870586395264  -1.026848793029785  -1.026848793029785   .179663211107254   .179663211107254  -.1727361679077148  -.1727361679077148  -1.151918172836304  -.7503783106803894   
-.6159992814064026   .7732763886451721  -.5074870586395264  -3.090278618037701E-002  -1.705056309700012  -1.026848793029785   .179663211107254   .179663211107254  -.1727361679077148   .505489706993103  -1.151918172836304  -.7503783106803894   
-.6159992814064026   .7732763886451721  -.5074870586395264  -3.090278618037701E-002  -1.705056309700012  -1.026848793029785   .179663211107254   .179663211107254  -.1727361679077148   .505489706993103  -.7503783106803894  -.7503783106803894   
-.6159992814064026   .7732763886451721  -.5074870586395264  -3.090278618037701E-002  -.857296884059906  -9.431348741054535E-002   .5707681179046631   2.13518762588501  -.5118491053581238  -.1727361679077148  -3.962697505950928  -1.151918172836304   
-.6159992814064026   .7732763886451721  -.5074870586395264  -.5074870586395264  -.857296884059906  -9.431348741054535E-002   .5707681179046631   2.13518762588501  -.5118491053581238  -.1727361679077148  -3.962697505950928   2.863480806350708   
-.6159992814064026   .7732763886451721  -.5074870586395264  -3.090278618037701E-002  -.857296884059906  -9.431348741054535E-002   .5707681179046631   2.13518762588501  -.5118491053581238  -.1727361679077148  -3.962697505950928  -1.151918172836304   
-.6159992814064026  -.6159992814064026  -.5074870586395264  -3.090278618037701E-002  -1.705056309700012  -9.431348741054535E-002  -.6025465726852417   .5707681179046631  -.5118491053581238   .505489706993103  -3.962697505950928   2.863480806350708   
