MOUSE MICROSAT DATA FOR RST ANALYSIS
 5 
 20 
 8 
 20 
 20 
 20 
 20 
 20 
 20 
 20 
 20 
6_86
 2 
 86 
6_166
 2 
 166 
6_138
 2 
 138 
6_296
 2 
 296 
6_157
 2 
 157 
POS
 .2105575799942017   .2105575799942017   .7684912085533142   .7684912085533142   .7129645347595215   .7129645347595215  -.3672753274440765  -.3672753274440765  -.9007020592689514  -.9007020592689514   
 .2105575799942017   .2105575799942017   .7684912085533142   .7684912085533142   .7129645347595215   .7129645347595215  -.3672753274440765  -.3672753274440765  -.9007020592689514  -.9007020592689514   
-3.292446583509445E-002   .2105575799942017  -1.654902935028076   .7684912085533142  -1.145417809486389   .7129645347595215  -.3672753274440765   .5926702618598938  -.9007020592689514   1.461796760559082   
 .2105575799942017   .2105575799942017   .7684912085533142   .7684912085533142   .7129645347595215   1.177560091018677  -.3672753274440765  -.3672753274440765  -.9007020592689514  -.9007020592689514   
 .2105575799942017   .2105575799942017   .7684912085533142   .7684912085533142   .7129645347595215   1.177560091018677  -.3672753274440765  -.3672753274440765  -.9007020592689514  -.9007020592689514   
 .2105575799942017   .2105575799942017   .7684912085533142   .7684912085533142   .7129645347595215   .7129645347595215  -.3672753274440765  -.3672753274440765  -.9007020592689514  -.9007020592689514   
 .2105575799942017   .2105575799942017   .7684912085533142   .7684912085533142   .7129645347595215   .7129645347595215  -.3672753274440765  -.3672753274440765  -.9007020592689514  -.9007020592689514   
 .2105575799942017   .2105575799942017   .7684912085533142   .7684912085533142   .7129645347595215   .7129645347595215  -.3672753274440765  -.3672753274440765  -.9007020592689514  -.9007020592689514   
 .2105575799942017   .2105575799942017   .7684912085533142   .7684912085533142   .7129645347595215   .7129645347595215  -.3672753274440765  -.3672753274440765  -.9007020592689514  -.9007020592689514   
 .2105575799942017   .2105575799942017   .7684912085533142   .7684912085533142   .7129645347595215   .7129645347595215  -.3672753274440765  -.3672753274440765  -.9007020592689514  -.9007020592689514   
 .2105575799942017   .2105575799942017   .7684912085533142   .7684912085533142   .7129645347595215   .7129645347595215  -.3672753274440765  -.3672753274440765  -.9007020592689514  -.9007020592689514   
 .2105575799942017   .2105575799942017   .7684912085533142   .7684912085533142   .7129645347595215   .7129645347595215  -.3672753274440765  -.3672753274440765  -.9007020592689514  -.9007020592689514   
 .2105575799942017   .2105575799942017   .7684912085533142   .7684912085533142   .7129645347595215   .7129645347595215  -.3672753274440765  -.3672753274440765  -.9007020592689514  -.9007020592689514   
 .2105575799942017   .2105575799942017   .7684912085533142   .7684912085533142   .7129645347595215   .7129645347595215  -.3672753274440765  -.3672753274440765  -.9007020592689514  -.9007020592689514   
 .2105575799942017   .2105575799942017   .7684912085533142   .7684912085533142   .7129645347595215   .7129645347595215  -.3672753274440765  -.3672753274440765  -.9007020592689514  -.9007020592689514   
 .2105575799942017   .2105575799942017   .7684912085533142   .7684912085533142   .7129645347595215   .7129645347595215  -.3672753274440765  -.3672753274440765  -.9007020592689514  -.9007020592689514   
 .2105575799942017   .2105575799942017   .7684912085533142   .7684912085533142   .7129645347595215   .7129645347595215  -.3672753274440765  -.3672753274440765  -.9007020592689514  -.9007020592689514   
 .2105575799942017   .2105575799942017   .7684912085533142   .7684912085533142   .7129645347595215   .7129645347595215  -.3672753274440765   3.472506999969482  -.9007020592689514  -.9007020592689514   
 .2105575799942017   .2105575799942017   .7684912085533142   .7684912085533142   .2483689337968826   .2483689337968826  -.3672753274440765  -.3672753274440765  -.9007020592689514  -.9007020592689514   
-3.292446583509445E-002  -3.292446583509445E-002   .7684912085533142   .7684912085533142   .2483689337968826   .7129645347595215  -.3672753274440765  -.3672753274440765  -.9007020592689514  -.9007020592689514   
ST1
 .2105575799942017   .4540396332740784  -1.017167687416077   1.023585319519043  -1.145417809486389  -.216226652264595  -.6872571706771851  -.6872571706771851  -.9007020592689514   1.461796760559082   
-1.737298727035522   .2105575799942017   .8960382342338562   1.023585319519043  -.216226652264595   1.177560091018677  -.6872571706771851   1.872597694396973  -.1132024675607681   .2805473208427429   
-.7633705735206604  -.7633705735206604   .7684912085533142   .7684912085533142   .2483689337968826   .2483689337968826   1.552615880966187   1.552615880966187   .6742971539497375   .6742971539497375   
-.5198885798454285   .2105575799942017  -1.272261738777161   .7684912085533142  -.6808222532272339   .2483689337968826  -4.729346185922623E-002   1.232633948326111  -.9007020592689514   1.068046927452087   
-2.954709053039551  -.7633705735206604   .7684912085533142   .7684912085533142   .2483689337968826   .2483689337968826  -1.007239103317261   1.552615880966187  -.1132024675607681   .6742971539497375   
-2.954709053039551  -1.737298727035522   .7684912085533142   1.023585319519043   .2483689337968826   1.177560091018677  -1.007239103317261  -.6872571706771851   .2805473208427429   .6742971539497375   
-2.954709053039551   .2105575799942017   .7684912085533142   .8960382342338562  -.216226652264595   .2483689337968826  -1.007239103317261   1.872597694396973  -.1132024675607681   .2805473208427429   
-2.954709053039551  -2.954709053039551   .7684912085533142   .7684912085533142   .2483689337968826   .2483689337968826  -1.007239103317261  -1.007239103317261  -.1132024675607681  -.1132024675607681   
-2.954709053039551  -2.954709053039551  -1.017167687416077  -1.017167687416077   .2483689337968826   .2483689337968826   1.872597694396973   1.872597694396973   .6742971539497375   .6742971539497375   
-2.954709053039551  -1.737298727035522  -1.017167687416077   1.023585319519043   .2483689337968826   1.177560091018677  -.6872571706771851   1.872597694396973   .2805473208427429   .6742971539497375   
-2.954709053039551  -2.954709053039551  -1.017167687416077   .7684912085533142   .2483689337968826   .2483689337968826  -1.007239103317261   1.872597694396973  -.1132024675607681   .6742971539497375   
-1.737298727035522  -1.737298727035522   1.023585319519043   1.023585319519043   1.177560091018677   1.177560091018677  -.6872571706771851  -.6872571706771851   .2805473208427429   .2805473208427429   
-2.954709053039551  -2.954709053039551  -1.017167687416077  -1.017167687416077   .2483689337968826   .2483689337968826   1.872597694396973   1.872597694396973   .6742971539497375   .6742971539497375   
-2.954709053039551  -2.954709053039551  -1.017167687416077   .7684912085533142   .2483689337968826   .2483689337968826  -1.007239103317261   1.872597694396973   .2805473208427429   .6742971539497375   
-2.954709053039551  -1.737298727035522   .7684912085533142   1.023585319519043   .2483689337968826   1.177560091018677  -1.007239103317261  -.6872571706771851  -.1132024675607681   .2805473208427429   
 .2105575799942017   .2105575799942017   .8960382342338562   .8960382342338562  -.216226652264595  -.216226652264595   1.872597694396973   1.872597694396973  -.1132024675607681  -.1132024675607681   
 .2105575799942017   .2105575799942017   .8960382342338562   .8960382342338562  -.216226652264595  -.216226652264595   1.872597694396973   1.872597694396973  -.1132024675607681  -.1132024675607681   
-2.954709053039551  -2.954709053039551   .7684912085533142   .7684912085533142   .2483689337968826   .2483689337968826  -1.007239103317261  -1.007239103317261  -.1132024675607681  -.1132024675607681   
-2.954709053039551  -2.954709053039551   .7684912085533142   .7684912085533142   .2483689337968826   .2483689337968826  -1.007239103317261  -1.007239103317261  -.1132024675607681   .6742971539497375   
 .2105575799942017   .2105575799942017   .8960382342338562   .8960382342338562  -.216226652264595  -.216226652264595   1.872597694396973   1.872597694396973  -.1132024675607681  -.1132024675607681   
CRE
-3.292446583509445E-002   .2105575799942017   .7684912085533142   .8960382342338562  -.216226652264595   .2483689337968826  -.6872571706771851  -.6872571706771851   .2805473208427429   1.068046927452087   
 .2105575799942017   .2105575799942017   .8960382342338562   .8960382342338562  -1.610013484954834   .2483689337968826  -.6872571706771851  -.6872571706771851   .6742971539497375   1.068046927452087   
 .2105575799942017   .2105575799942017   .8960382342338562   1.023585319519043  -1.610013484954834  -1.145417809486389  -.6872571706771851   2.512561321258545   1.068046927452087   1.461796760559082   
 .2105575799942017   .2105575799942017   .8960382342338562   .8960382342338562  -1.610013484954834   .2483689337968826  -.6872571706771851  -.6872571706771851   .6742971539497375   1.068046927452087   
 .2105575799942017   .2105575799942017   .8960382342338562   .8960382342338562   .2483689337968826   .2483689337968826  -.6872571706771851  -.6872571706771851   .6742971539497375   .6742971539497375   
-3.292446583509445E-002  -3.292446583509445E-002  -1.654902935028076  -1.654902935028076  -1.610013484954834  -1.145417809486389   .5926702618598938   .5926702618598938   .6742971539497375   1.461796760559082   
 .2105575799942017   .2105575799942017   .8960382342338562   .8960382342338562  -.216226652264595  -.216226652264595  -.6872571706771851  -.6872571706771851   1.068046927452087   1.068046927452087   
-3.292446583509445E-002   .2105575799942017   .8960382342338562   .8960382342338562  -.216226652264595  -.216226652264595  -.6872571706771851  -.6872571706771851   1.068046927452087   1.068046927452087   
 .2105575799942017   .2105575799942017   .8960382342338562   .8960382342338562  -.216226652264595  -.216226652264595  -.6872571706771851  -.6872571706771851   1.068046927452087   1.068046927452087   
-3.292446583509445E-002   .2105575799942017   .8960382342338562   .8960382342338562  -.216226652264595  -.216226652264595  -.6872571706771851  -.6872571706771851   1.068046927452087   1.068046927452087   
 .4540396332740784   .6975216865539551   .7684912085533142   .8960382342338562  -.6808222532272339   .2483689337968826  -.6872571706771851  -.6872571706771851   .2805473208427429   1.068046927452087   
-1.250334739685059  -.5198885798454285   .7684912085533142   .7684912085533142  -1.145417809486389  -.216226652264595  -1.007239103317261  -.6872571706771851  -3.263200998306274  -.1132024675607681   
-3.292446583509445E-002  -3.292446583509445E-002   .8960382342338562   .8960382342338562  -.216226652264595  -.216226652264595  -.6872571706771851  -.6872571706771851   1.068046927452087   1.068046927452087   
 .2105575799942017   .2105575799942017   .8960382342338562   .8960382342338562  -.216226652264595  -.216226652264595  -.6872571706771851  -.6872571706771851   1.068046927452087   1.068046927452087   
 .2105575799942017   .2105575799942017   .8960382342338562   .8960382342338562  -.216226652264595  -.216226652264595  -.6872571706771851  -.6872571706771851   1.068046927452087   1.068046927452087   
 .2105575799942017   .2105575799942017   .8960382342338562   .8960382342338562  -.216226652264595  -.216226652264595  -.6872571706771851  -.6872571706771851   1.068046927452087   1.068046927452087   
-3.292446583509445E-002   .2105575799942017   .8960382342338562   .8960382342338562  -.216226652264595  -.216226652264595  -.6872571706771851  -.6872571706771851   1.068046927452087   1.068046927452087   
-3.292446583509445E-002   .2105575799942017   .8960382342338562   .8960382342338562  -.216226652264595  -.216226652264595  -.6872571706771851  -.6872571706771851   1.068046927452087   1.068046927452087   
 .2105575799942017   .2105575799942017   .8960382342338562   .8960382342338562  -.216226652264595  -.216226652264595  -.6872571706771851  -.6872571706771851   1.068046927452087   1.068046927452087   
-3.292446583509445E-002   .2105575799942017  -1.272261738777161  -1.017167687416077   .2483689337968826   .2483689337968826  -.6872571706771851   .2726883888244629   .6742971539497375   .6742971539497375   
GAL
-3.292446583509445E-002  -3.292446583509445E-002  -1.654902935028076  -1.654902935028076  -1.610013484954834  -1.145417809486389   .5926702618598938   1.232633948326111   .6742971539497375   1.461796760559082   
 0   0   0   0   0   0   0   0   .2805473208427429   .2805473208427429   
-3.292446583509445E-002  -3.292446583509445E-002  -1.654902935028076  -1.654902935028076  -1.145417809486389  -1.145417809486389   .5926702618598938   .5926702618598938   1.461796760559082   1.461796760559082   
 .4540396332740784   .4540396332740784  -.7620735764503479   .8960382342338562  -1.145417809486389  -.216226652264595  -.6872571706771851   2.512561321258545   .2805473208427429   1.068046927452087   
-1.493816733360291   .4540396332740784  -1.017167687416077  -.7620735764503479  -.216226652264595   .2483689337968826   2.192579507827759   2.512561321258545   .2805473208427429   1.068046927452087   
 .4540396332740784   .4540396332740784   .8960382342338562   .8960382342338562  -1.145417809486389  -1.145417809486389  -.6872571706771851  -.6872571706771851   .2805473208427429   .2805473208427429   
 .4540396332740784   .4540396332740784  -.7620735764503479   .8960382342338562  -1.145417809486389  -.216226652264595  -.6872571706771851   2.512561321258545   .2805473208427429   1.068046927452087   
-.2764065265655518   .4540396332740784  -1.144714713096619  -.7620735764503479  -.216226652264595  -.216226652264595   .5926702618598938   2.512561321258545   .2805473208427429   1.068046927452087   
-1.493816733360291   .4540396332740784  -1.017167687416077   .8960382342338562  -1.145417809486389   .2483689337968826  -.6872571706771851   2.192579507827759   .2805473208427429   .2805473208427429   
 .4540396332740784   .4540396332740784  -.7620735764503479   .8960382342338562  -1.145417809486389  -.216226652264595  -.6872571706771851   2.512561321258545   .2805473208427429   1.068046927452087   
-1.493816733360291  -3.292446583509445E-002  -1.144714713096619  -1.017167687416077  -.6808222532272339   .2483689337968826  -.6872571706771851   1.552615880966187  -.9007020592689514   .2805473208427429   
-3.292446583509445E-002  -3.292446583509445E-002  -1.017167687416077  -1.017167687416077   .2483689337968826   .2483689337968826  -.6872571706771851  -.6872571706771851   1.068046927452087   1.068046927452087   
-3.292446583509445E-002   .6975216865539551  -1.017167687416077  -1.017167687416077  -1.145417809486389   .2483689337968826  -.6872571706771851  -.6872571706771851  -.9007020592689514  -.1132024675607681   
-3.292446583509445E-002  -3.292446583509445E-002  -1.017167687416077  -1.017167687416077   .2483689337968826   .2483689337968826  -.6872571706771851  -.6872571706771851  -.9007020592689514  -.9007020592689514   
-1.493816733360291   .2105575799942017  -1.144714713096619   .7684912085533142   .2483689337968826   .2483689337968826  -.6872571706771851  -.6872571706771851  -2.081951379776001   1.068046927452087   
-1.250334739685059   .2105575799942017  -1.144714713096619  -1.017167687416077   .2483689337968826   .7129645347595215  -.6872571706771851   2.512561321258545  -2.081951379776001  -.1132024675607681   
-3.292446583509445E-002   .9410037398338318  -1.017167687416077  -.8896206021308899  -.216226652264595   .2483689337968826  -.6872571706771851   3.152525186538696  -.9007020592689514   1.461796760559082   
-1.493816733360291  -3.292446583509445E-002  -1.272261738777161  -1.017167687416077   .2483689337968826   .2483689337968826  -.6872571706771851   .2726883888244629   1.068046927452087   1.461796760559082   
-1.493816733360291  -1.493816733360291  -1.017167687416077  -1.017167687416077  -.216226652264595  -.216226652264595  -.6872571706771851   1.552615880966187   .6742971539497375   1.068046927452087   
 .2105575799942017   .2105575799942017  -1.144714713096619  -1.144714713096619   .2483689337968826   .7129645347595215  -.6872571706771851  -.6872571706771851  -2.081951379776001   .2805473208427429   
BIN
-3.292446583509445E-002  -3.292446583509445E-002  -1.144714713096619  -1.144714713096619   2.80364465713501   2.80364465713501  -.6872571706771851  -.6872571706771851  -.9007020592689514  -.9007020592689514   
-3.292446583509445E-002  -3.292446583509445E-002  -1.654902935028076  -1.654902935028076  -1.145417809486389  -1.145417809486389   .5926702618598938   .5926702618598938   1.461796760559082   1.461796760559082   
-3.292446583509445E-002   .4540396332740784  -1.399808883666992  -1.272261738777161  -.6808222532272339   1.874453544616699  -.6872571706771851   3.152525186538696  -.9007020592689514   1.068046927452087   
-3.292446583509445E-002  -3.292446583509445E-002  -1.144714713096619  -1.144714713096619   2.80364465713501   2.80364465713501  -.6872571706771851  -.6872571706771851  -.9007020592689514  -.9007020592689514   
-3.292446583509445E-002  -3.292446583509445E-002  -1.144714713096619  -1.144714713096619   2.80364465713501   2.80364465713501  -.6872571706771851  -.6872571706771851  -.9007020592689514  -.9007020592689514   
-3.292446583509445E-002  -3.292446583509445E-002  -1.144714713096619  -1.144714713096619   2.80364465713501   2.80364465713501  -.6872571706771851  -.6872571706771851  -.9007020592689514  -.9007020592689514   
-3.292446583509445E-002  -3.292446583509445E-002  -1.144714713096619  -1.017167687416077  -.6808222532272339   2.80364465713501  -.6872571706771851  -.6872571706771851  -.9007020592689514  -.1132024675607681   
-3.292446583509445E-002  -3.292446583509445E-002  -1.144714713096619  -1.144714713096619   2.80364465713501   2.80364465713501  -.6872571706771851  -.6872571706771851  -.9007020592689514  -.9007020592689514   
-3.292446583509445E-002   .4540396332740784  -1.272261738777161  -1.144714713096619  -.6808222532272339   2.80364465713501  -.6872571706771851   3.152525186538696  -.9007020592689514   1.068046927452087   
-3.292446583509445E-002  -3.292446583509445E-002   .8960382342338562   .8960382342338562  -.216226652264595  -.216226652264595  -.6872571706771851  -.6872571706771851   1.068046927452087   1.068046927452087   
-3.292446583509445E-002  -3.292446583509445E-002  -1.272261738777161  -1.017167687416077  -1.610013484954834   .7129645347595215  -.6872571706771851   .2726883888244629  -.1132024675607681   .6742971539497375   
-3.292446583509445E-002  -3.292446583509445E-002  -1.144714713096619   .7684912085533142  -.216226652264595   .2483689337968826  -.6872571706771851  -.3672753274440765   1.461796760559082   1.855546593666077   
-3.292446583509445E-002   .2105575799942017  -1.272261738777161  -1.144714713096619  -.6808222532272339   .2483689337968826  -.6872571706771851   2.512561321258545  -.5069522857666016   1.461796760559082   
-.2764065265655518   .2105575799942017  -1.272261738777161   .7684912085533142  -1.610013484954834   .7129645347595215  -1.007239103317261  -4.729346185922623E-002  -.1132024675607681   1.068046927452087   
-.2764065265655518  -3.292446583509445E-002  -1.272261738777161  -1.272261738777161  -1.610013484954834  -1.610013484954834  -.6872571706771851  -4.729346185922623E-002   .6742971539497375   1.068046927452087   
-3.292446583509445E-002  -3.292446583509445E-002  -1.272261738777161  -1.017167687416077  -1.610013484954834   .7129645347595215  -.6872571706771851   .2726883888244629  -.1132024675607681   .6742971539497375   
-.2764065265655518  -3.292446583509445E-002  -1.272261738777161  -1.017167687416077  -1.610013484954834   .7129645347595215  -4.729346185922623E-002   .2726883888244629  -.1132024675607681   1.068046927452087   
-.2764065265655518  -3.292446583509445E-002  -1.272261738777161  -1.017167687416077  -1.610013484954834   .7129645347595215  -4.729346185922623E-002   .2726883888244629  -.1132024675607681   .6742971539497375   
 .2105575799942017   .6975216865539551  -1.272261738777161   .7684912085533142  -.6808222532272339  -.216226652264595  -.6872571706771851   2.512561321258545  -.5069522857666016  -.5069522857666016   
-3.292446583509445E-002   .6975216865539551   .7684912085533142   .7684912085533142  -.216226652264595  -.216226652264595  -.6872571706771851  -.3672753274440765  -.5069522857666016   1.855546593666077   
LVA
-3.292446583509445E-002   .2105575799942017  -.7620735764503479   .7684912085533142  -1.610013484954834  -.216226652264595  -.6872571706771851  -.3672753274440765   .2805473208427429   1.068046927452087   
 .4540396332740784   .4540396332740784   .7684912085533142   .7684912085533142   .7129645347595215   .7129645347595215  -.3672753274440765  -.3672753274440765   .2805473208427429   .2805473208427429   
 .4540396332740784   .4540396332740784   .7684912085533142   .7684912085533142   .7129645347595215   .7129645347595215  -.3672753274440765  -.3672753274440765   .2805473208427429   .2805473208427429   
 .4540396332740784   .4540396332740784   .7684912085533142   .7684912085533142   .7129645347595215   .7129645347595215  -.3672753274440765  -.3672753274440765   .2805473208427429   .2805473208427429   
 .2105575799942017   .4540396332740784   .7684912085533142   .7684912085533142  -1.610013484954834   .7129645347595215  -.3672753274440765  -.3672753274440765   .2805473208427429   .2805473208427429   
 .4540396332740784   .4540396332740784   .7684912085533142   .7684912085533142   .7129645347595215   .7129645347595215  -.3672753274440765  -.3672753274440765   .2805473208427429   .2805473208427429   
 .4540396332740784   .4540396332740784   .7684912085533142   .7684912085533142   .7129645347595215   .7129645347595215  -.3672753274440765  -.3672753274440765   .2805473208427429   .2805473208427429   
 .4540396332740784   .4540396332740784   .7684912085533142   .7684912085533142   .7129645347595215   .7129645347595215  -.3672753274440765  -.3672753274440765   .2805473208427429   .2805473208427429   
 .4540396332740784   .4540396332740784   .7684912085533142   .7684912085533142  -.6808222532272339  -.6808222532272339  -.6872571706771851  -.6872571706771851   .2805473208427429   .2805473208427429   
 .4540396332740784   .4540396332740784   .7684912085533142   .7684912085533142  -.6808222532272339   .7129645347595215  -.6872571706771851  -.3672753274440765   .2805473208427429   .2805473208427429   
 .2105575799942017   .2105575799942017   .7684912085533142   .7684912085533142  -1.145417809486389  -1.145417809486389  -.3672753274440765   3.472506999969482  -.5069522857666016  -.5069522857666016   
 .2105575799942017   .2105575799942017  -1.144714713096619  -1.144714713096619  -1.145417809486389  -1.145417809486389   .5926702618598938   .5926702618598938   .2805473208427429   .2805473208427429   
 .2105575799942017   .2105575799942017  -1.144714713096619   .7684912085533142  -1.145417809486389  -1.145417809486389  -.3672753274440765   .5926702618598938  -.5069522857666016   .2805473208427429   
 .2105575799942017   .2105575799942017   .7684912085533142   .7684912085533142  -1.145417809486389  -1.145417809486389  -.3672753274440765  -.3672753274440765  -.5069522857666016  -.5069522857666016   
 .2105575799942017   .2105575799942017  -1.144714713096619  -1.144714713096619  -1.145417809486389  -1.145417809486389   .5926702618598938   .5926702618598938  -.5069522857666016   .2805473208427429   
 .2105575799942017   .2105575799942017  -1.144714713096619   .7684912085533142  -1.145417809486389  -1.145417809486389  -.3672753274440765   .5926702618598938  -.5069522857666016   .2805473208427429   
 .2105575799942017   .2105575799942017  -.7620735764503479  -.7620735764503479  -1.610013484954834  -1.610013484954834  -.6872571706771851  -.6872571706771851   1.068046927452087   1.068046927452087   
 .2105575799942017   .2105575799942017  -1.144714713096619  -1.144714713096619  -1.610013484954834  -1.610013484954834   .5926702618598938   .5926702618598938   .2805473208427429   .2805473208427429   
 .2105575799942017   .2105575799942017  -.7620735764503479  -.7620735764503479  -1.610013484954834  -1.610013484954834  -.6872571706771851  -.6872571706771851   1.068046927452087   1.068046927452087   
 .2105575799942017   .2105575799942017  -1.654902935028076   .7684912085533142   .2483689337968826   .2483689337968826  -.3672753274440765  -.3672753274440765  -.9007020592689514   1.068046927452087   
SPT
-2.954709053039551   .9410037398338318  -1.017167687416077   .7684912085533142   .2483689337968826   1.177560091018677  -4.729346185922623E-002   1.552615880966187  -.1132024675607681  -.1132024675607681   
-.2764065265655518   .9410037398338318  -1.144714713096619   .7684912085533142   .2483689337968826   .2483689337968826  -4.729346185922623E-002   .2726883888244629  -.1132024675607681  -.1132024675607681   
-2.954709053039551   .9410037398338318  -1.017167687416077   .7684912085533142   .2483689337968826   1.177560091018677  -4.729346185922623E-002   1.552615880966187  -.1132024675607681   .2805473208427429   
-2.954709053039551   .9410037398338318  -1.017167687416077   .7684912085533142   .2483689337968826   1.177560091018677  -4.729346185922623E-002   1.552615880966187  -.1132024675607681  -.1132024675607681   
 .9410037398338318   .9410037398338318   .7684912085533142   .7684912085533142  -2.306906938552856   .2483689337968826  -4.729346185922623E-002   .2726883888244629  -.5069522857666016  -.1132024675607681   
-.7633705735206604   .9410037398338318   .7684912085533142   .7684912085533142  -.216226652264595   .7129645347595215  -.3672753274440765  -4.729346185922623E-002  -.9007020592689514  -.9007020592689514   
 1.42796778678894   1.42796778678894  -1.399808883666992  -1.399808883666992   .7129645347595215   .7129645347595215  -4.729346185922623E-002  -4.729346185922623E-002  -3.263200998306274  -3.263200998306274   
 .9410037398338318   .9410037398338318   .7684912085533142   .7684912085533142   .2483689337968826   .2483689337968826   2.512561321258545   2.512561321258545  -.9007020592689514   .6742971539497375   
 .6975216865539551   1.184485793113708  -1.144714713096619   .7684912085533142   .7129645347595215   2.106751441955566  -4.729346185922623E-002   .5926702618598938   .2805473208427429   .6742971539497375   
 1.42796778678894   1.42796778678894  -1.399808883666992  -1.399808883666992   .7129645347595215   .7129645347595215  -4.729346185922623E-002  -4.729346185922623E-002  -3.263200998306274   .6742971539497375   
 1.42796778678894   1.42796778678894  -1.272261738777161  -1.272261738777161  -.216226652264595  -.216226652264595   1.552615880966187   1.552615880966187  -.1132024675607681  -.1132024675607681   
 .2105575799942017   1.671449899673462  -1.399808883666992   .7684912085533142  -3.468395948410034   .2483689337968826  -4.729346185922623E-002   .9126521348953247  -1.688201665878296  -.9007020592689514   
 1.42796778678894   1.671449899673462  -1.017167687416077   .7684912085533142   .2483689337968826   .2483689337968826   .2726883888244629   .9126521348953247  -1.688201665878296  -.1132024675607681   
-.5198885798454285   .2105575799942017  -1.399808883666992   .7684912085533142  -.216226652264595   .7129645347595215  -4.729346185922623E-002   2.192579507827759  -2.081951379776001  -1.688201665878296   
-.5198885798454285   1.42796778678894  -1.399808883666992  -1.017167687416077   .2483689337968826   .7129645347595215  -4.729346185922623E-002   .2726883888244629  -1.688201665878296  -.9007020592689514   
 .9410037398338318   .9410037398338318   .6409441232681274   .6409441232681274   .2483689337968826   .2483689337968826  -.3672753274440765  -.3672753274440765  -1.294451832771301  -.9007020592689514   
 .6975216865539551   1.184485793113708  -1.272261738777161   .7684912085533142   .7129645347595215   2.106751441955566   1.552615880966187   1.872597694396973  -.1132024675607681  -.1132024675607681   
 1.42796778678894   1.42796778678894   .6409441232681274   .7684912085533142   .7129645347595215   .7129645347595215  -.3672753274440765   .9126521348953247  -1.294451832771301  -.9007020592689514   
 1.42796778678894   1.42796778678894   .6409441232681274   .7684912085533142  -.216226652264595  -.216226652264595  -.3672753274440765   .9126521348953247  -1.294451832771301  -.9007020592689514   
 .2105575799942017   1.671449899673462  -1.272261738777161   .6409441232681274  -3.468395948410034   .2483689337968826  -.3672753274440765  -4.729346185922623E-002  -1.294451832771301  -.1132024675607681   
ST2
-.2764065265655518   .2105575799942017  -1.272261738777161  -1.272261738777161  -1.145417809486389  -.216226652264595  -4.729346185922623E-002   .2726883888244629  -.5069522857666016   1.068046927452087   
 .4540396332740784   .4540396332740784  -1.399808883666992  -1.399808883666992   1.177560091018677   1.177560091018677   .2726883888244629   .2726883888244629  -2.86945104598999  -2.86945104598999   
 .9410037398338318   .9410037398338318   1.023585319519043   1.023585319519043  -1.145417809486389  -1.145417809486389  -.6872571706771851  -.6872571706771851  -.1132024675607681   1.068046927452087   
 .4540396332740784   .9410037398338318  -1.399808883666992   .7684912085533142  -1.145417809486389  -1.145417809486389  -.6872571706771851   1.552615880966187  -2.475701332092285   1.068046927452087   
 .4540396332740784   .9410037398338318  -1.272261738777161   .7684912085533142  -.216226652264595   .2483689337968826  -1.007239103317261   .2726883888244629  -.5069522857666016   .6742971539497375   
 .9410037398338318   .9410037398338318  -1.272261738777161  -1.272261738777161  -.216226652264595  -.216226652264595  -4.729346185922623E-002  -4.729346185922623E-002  -.1132024675607681  -.1132024675607681   
-.2764065265655518  -.2764065265655518  -1.272261738777161  -1.272261738777161  -.216226652264595  -.216226652264595   .2726883888244629   .2726883888244629  -2.86945104598999  -2.86945104598999   
 .9410037398338318   .9410037398338318  -1.272261738777161   1.023585319519043  -1.145417809486389  -.216226652264595  -.6872571706771851  -4.729346185922623E-002  -.1132024675607681   1.068046927452087   
 .2105575799942017   .2105575799942017  -1.272261738777161  -1.272261738777161  -1.145417809486389  -1.145417809486389  -4.729346185922623E-002  -4.729346185922623E-002   .6742971539497375   1.068046927452087   
 .9410037398338318   .9410037398338318  -1.272261738777161   1.023585319519043  -1.145417809486389  -.216226652264595  -.6872571706771851  -4.729346185922623E-002  -.1132024675607681   1.068046927452087   
 .9410037398338318   .9410037398338318   1.023585319519043   1.023585319519043  -1.145417809486389  -1.145417809486389  -.6872571706771851  -.6872571706771851   1.068046927452087   1.068046927452087   
 .9410037398338318   .9410037398338318  -1.272261738777161   1.023585319519043  -1.145417809486389  -.216226652264595  -.6872571706771851  -4.729346185922623E-002  -.1132024675607681  -.1132024675607681   
 .9410037398338318   .9410037398338318  -1.272261738777161  -1.272261738777161  -.216226652264595  -.216226652264595  -4.729346185922623E-002  -4.729346185922623E-002  -.1132024675607681  -.1132024675607681   
 .9410037398338318   .9410037398338318  -1.272261738777161   1.023585319519043  -1.145417809486389  -.216226652264595  -.6872571706771851  -4.729346185922623E-002  -.1132024675607681   1.068046927452087   
 .9410037398338318   .9410037398338318   1.023585319519043   1.023585319519043  -1.145417809486389  -1.145417809486389  -.6872571706771851  -.6872571706771851   1.068046927452087   1.068046927452087   
 .9410037398338318   .9410037398338318  -1.272261738777161   1.023585319519043  -1.145417809486389  -.216226652264595  -.6872571706771851  -4.729346185922623E-002  -.1132024675607681   1.068046927452087   
-.7633705735206604  -.2764065265655518  -1.399808883666992   .8960382342338562  -.6808222532272339  -.216226652264595  -1.007239103317261   .2726883888244629  -1.688201665878296   .6742971539497375   
-.7633705735206604  -.7633705735206604   .8960382342338562   .8960382342338562  -.6808222532272339  -.6808222532272339  -1.007239103317261  -1.007239103317261  -2.475701332092285  -2.475701332092285   
-.7633705735206604   .4540396332740784  -1.399808883666992   .8960382342338562  -.6808222532272339   1.177560091018677  -1.007239103317261   .2726883888244629  -.1132024675607681   .6742971539497375   
 .4540396332740784   .4540396332740784   .7684912085533142   .7684912085533142  -1.145417809486389  -1.145417809486389  -.6872571706771851  -.6872571706771851   1.068046927452087   1.068046927452087   
