Genepop 4.7.5
Pairwise Fst's

One locus estimates following standard ANOVA as in Weir and Cockerham (1984)

File: mouse_genepop_chr3_loci.txt (Conversion of an object of class 'genind' into a GENEPOP file with the package 'graph4lg'      )

Number of populations detected : 8
Number of loci detected        : 6

Indices for populations:
----     -------------
1        CHPO_81
2        IBIN_CAS
3        ICRE_287
4        IGAL_MAS
5        ILVA_GS1
6        ST1_MA10
7        ST2_VAR1
8        STP_93
----------------------

Estimates for each locus:
========================
  Locus: C3L60
---------------------------------
pop      1       2       3       4       5       6       7       
2      0.0263 
3      0.2519  0.1882 
4        -     0.0263  0.2519 
5      0.3158  0.2466 -0.0051  0.3158 
6      0.5731  0.5127  0.2328  0.5731  0.3311 
7      0.4127  0.3479  0.1733  0.4127  0.2049  0.2820 
8      0.5431  0.4785  0.2766  0.5431  0.3044  0.2721  0.1026 

  Locus: C3L117
---------------------------------
pop      1       2       3       4       5       6       7       
2      0.0263 
3      0.0947  0.0040 
4      0.0789  0.0290  0.0341 
5      0.0263 -0.0249  0.0040  0.0290 
6      0.6149  0.5574  0.4855  0.5085  0.5574 
7      0.4013  0.3355  0.2626  0.2883  0.3355  0.2362 
8      0.5776  0.5278  0.4611  0.4855  0.5278  0.2553  0.2129 

  Locus: C3L149
---------------------------------
pop      1       2       3       4       5       6       7       
2      0.2745 
3      0.2928  0.0750 
4      0.2733  0.1209  0.0990 
5      0.1323  0.1393  0.1465  0.2010 
6      0.3708  0.2557  0.2743  0.3283  0.2436 
7      0.2910  0.1841  0.1915  0.2261  0.1722  0.1571 
8      0.3687  0.2566  0.2645  0.3007  0.2444  0.3479  0.1897 

  Locus: C3L221
---------------------------------
pop      1       2       3       4       5       6       7       
2      0.4342 
3      0.3591  0.2082 
4      0.0175  0.3366  0.2289 
5      0.3193  0.2172  0.1650  0.2038 
6      0.2246  0.0747  0.1114  0.1296  0.0303 
7      0.2399  0.0923  0.1038  0.1480  0.0412 -0.0177 
8      0.6046  0.3217  0.3255  0.5300  0.3382  0.2885  0.2555 

  Locus: C3L269
---------------------------------
pop      1       2       3       4       5       6       7       
2      0.0880 
3      0.1750  0.1502 
4      0.1880  0.0626  0.1296 
5      0.2285  0.1317  0.1900  0.1109 
6      0.3525  0.1300  0.2397  0.2406  0.2863 
7      0.2616  0.1463  0.1229  0.1366  0.0407  0.2049 
8      0.4066  0.2415  0.3109  0.2250  0.2237  0.3116  0.1916 

  Locus: C3L265
---------------------------------
pop      1       2       3       4       5       6       7       
2      0.5199 
3      0.4331  0.0221 
4      0.1383  0.2502  0.1527 
5      0.4525  0.0024 -0.0138  0.1841 
6      0.5505 -0.0321  0.0339  0.2750  0.0119 
7      0.3813  0.4539  0.4090  0.1884  0.4190  0.4747 
8      0.2117  0.3923  0.3548  0.1720  0.3330  0.4229  0.2129 

Estimates for all loci (diploid):
=========================
pop      1       2       3       4       5       6       7       
2      0.3218 
3      0.3008  0.1249 
4      0.1936  0.1659  0.1466 
5      0.2837  0.1449  0.1117  0.1808 
6      0.4629  0.2801  0.2539  0.3509  0.2755 
7      0.3296  0.2565  0.2170  0.2234  0.2106  0.2399 
8      0.4550  0.3668  0.3332  0.3745  0.3318  0.3173  0.1972 

The file mouse_genepop_chr3_loci.txt.MIG contains the matrix ready for further analysis
Normal ending.
