Genepop 4.7.5
Pairwise Rhost's

One locus estimates following standard ANOVA analogous to Weir and Cockerham (1984)
See e.g. Michalakis and Excoffier (1996) for formulas
File: mouse_genepop_chr1_chr6.txt (Conversion of an object of class 'genind' into a GENEPOP file with the package 'graph4lg'          )

Number of populations detected : 8
Number of loci detected        : 10

Indices for populations:
----     -------------
1        CHPO_81
2        IBIN_CAS
3        ICRE_287
4        IGAL_MAS
5        ILVA_GS1
6        ST1_MA10
7        ST2_VAR1
8        STP_93
----------------------

Estimates for each locus:
========================
  Locus: C1L317
---------------------------------
 Allele sizes = allele names
---------------------------------
pop      1       2       3       4       5       6       7       
2      0.0648 
3      0.0612 -0.0065 
4      0.1221 -0.0378  0.0007 
5      0.0871 -0.0063 -0.0323  0.0039 
6      0.3841  0.1364 -0.0194  0.1902 -0.0115 
7      0.4003  0.0265 -0.0284  0.0821 -0.0320  0.0431 
8      0.0001 -0.0253  0.0121 -0.0284  0.0171  0.1794  0.0731 

  Locus: C1L64
---------------------------------
 Allele sizes = allele names
---------------------------------
pop      1       2       3       4       5       6       7       
2      0.3747 
3      0.1404  0.0606 
4      0.1877  0.0290 -0.0261 
5      0.5311  0.0567  0.2263  0.1926 
6      0.2342  0.3902  0.3340  0.3414  0.4205 
7      0.5534  0.7263  0.6650  0.6754  0.7580 -0.0292 
8      0.5928  0.7029  0.6638  0.6679  0.7234  0.0641  0.0962 

  Locus: C1L316
---------------------------------
 Allele sizes = allele names
---------------------------------
pop      1       2       3       4       5       6       7       
2      0.2080 
3     -0.0214  0.1576 
4     -0.0302  0.1197 -0.0251 
5      0.0508  0.1009 -0.0048 -0.0035 
6      0.1651  0.2795  0.1792  0.1398  0.2024 
7      0.0106  0.1774  0.0268 -0.0052  0.0591  0.0872 
8      0.1804  0.3120  0.1974  0.1451  0.2260 -0.0261  0.0801 

  Locus: C1L58
---------------------------------
 Allele sizes = allele names
---------------------------------
pop      1       2       3       4       5       6       7       
2      0.1863 
3      0.3330 -0.0266 
4     -0.0251  0.1537  0.2937 
5     -0.0292  0.1675  0.3031 -0.0348 
6      0.0196  0.0364  0.1120 -0.0032  0.0064 
7      0.0374  0.0924  0.2560  0.0080  0.0174 -0.0346 
8      0.8860  0.7808  0.8693  0.8812  0.8773  0.8395  0.9129 

  Locus: C1L295
---------------------------------
 Allele sizes = allele names
---------------------------------
pop      1       2       3       4       5       6       7       
2      0.2914 
3      0.1151 -0.0210 
4      0.2177 -0.0054 -0.0281 
5      0.4778 -0.0187 -0.0291 -0.0323 
6      0.8848  0.6952  0.6828  0.7830  0.8223 
7      0.8714  0.5466  0.5420  0.6981  0.7637  0.2577 
8      0.7218  0.3814  0.4096  0.5250  0.5627  0.2414 -0.0282 

  Locus: C6L86
---------------------------------
 Allele sizes = allele names
---------------------------------
pop      1       2       3       4       5       6       7       
2      0.3489 
3      0.0281  0.0261 
4      0.1389  0.0104  0.0597 
5      0.3567  0.5501  0.2494  0.2385 
6      0.6329  0.5807  0.6024  0.4711  0.6595 
7      0.1920  0.3567  0.2407  0.2943  0.0603  0.6682 
8      0.1050  0.1906  0.1379  0.2128  0.0507  0.6058 -0.0183 

  Locus: C6L166
---------------------------------
 Allele sizes = allele names
---------------------------------
pop      1       2       3       4       5       6       7       
2      0.7574 
3     -0.0419  0.6641 
4      0.7197 -0.0244  0.6167 
5      0.2380  0.3930  0.1433  0.3191 
6      0.0603  0.5546  0.0041  0.4944  0.0243 
7      0.3702  0.1434  0.2895  0.0830  0.0323  0.1644 
8      0.3795  0.2146  0.2838  0.1436  0.0128  0.1474 -0.0248 

  Locus: C6L138
---------------------------------
 Allele sizes = allele names
---------------------------------
pop      1       2       3       4       5       6       7       
2     -0.0332 
3      0.7044  0.1680 
4      0.6150  0.1334 -0.0300 
5      0.5277  0.1770 -0.0310 -0.0195 
6      0.3187 -0.0074  0.3545  0.2508  0.2561 
7      0.7202  0.2419  0.0286  0.0521 -0.0354  0.4559 
8      0.1028 -0.0110  0.1529  0.1048  0.1504 -0.0300  0.2518 

  Locus: C6L296
---------------------------------
 Allele sizes = allele names
---------------------------------
pop      1       2       3       4       5       6       7       
2     -0.0086 
3      0.0737  0.0880 
4      0.1423  0.0583  0.2708 
5     -0.0167 -0.0237  0.1196  0.0906 
6      0.1393  0.0555  0.2696 -0.0298  0.0871 
7     -0.0226  0.0017  0.0590  0.1666 -0.0034  0.1636 
8      0.3253  0.1501  0.4889 -0.0213  0.2342 -0.0304  0.3701 

  Locus: C6L157
---------------------------------
 Allele sizes = allele names
---------------------------------
pop      1       2       3       4       5       6       7       
2      0.4590 
3      0.8058  0.2340 
4      0.5348 -0.0179  0.1400 
5      0.7491 -0.0270  0.3068 -0.0275 
6      0.7558 -0.0235  0.3127 -0.0240 -0.0260 
7      0.1739 -0.0134  0.2619  0.0286  0.0229  0.0249 
8     -0.0295  0.2722  0.6172  0.3485  0.4270  0.4304  0.0897 

Estimates for all loci (diploid):
=========================
pop      1       2       3       4       5       6       7       
2      0.5140 
3      0.2851  0.4171 
4      0.5757  0.0459  0.4106 
5      0.3244  0.2505  0.0901  0.1987 
6      0.5227  0.4404  0.3907  0.4532  0.4020 
7      0.4996  0.2391  0.3149  0.2333  0.1874  0.3110 
8      0.4413  0.2610  0.3557  0.3021  0.2852  0.3123  0.1167 

The file mouse_genepop_chr1_chr6.txt.MIG contains the matrix ready for further analysis
Normal ending.
