Genepop 4.7.5
Pairwise Fst's

One locus estimates following standard ANOVA as in Weir and Cockerham (1984)

File: mouse_genepop_chr1_chr6.txt (Conversion of an object of class 'genind' into a GENEPOP file with the package 'graph4lg'          )

Number of populations detected : 8
Number of loci detected        : 10

Indices for populations:
----     -------------
1        CHPO_81
2        IBIN_CAS
3        ICRE_287
4        IGAL_MAS
5        ILVA_GS1
6        ST1_MA10
7        ST2_VAR1
8        STP_93
----------------------

Estimates for each locus:
========================
  Locus: C1L317
---------------------------------
pop      1       2       3       4       5       6       7       
2      0.3871 
3      0.5693  0.1309 
4      0.3191  0.0169  0.2638 
5      0.5745  0.1342  0.0699  0.2648 
6      0.7054  0.2411  0.5238  0.1915  0.5173 
7      0.3635  0.0711  0.3311  0.0198  0.3309  0.2205 
8      0.3824 -0.0173  0.1246  0.0164  0.1373  0.2617  0.1082 

  Locus: C1L64
---------------------------------
pop      1       2       3       4       5       6       7       
2      0.3620 
3      0.1404  0.0569 
4      0.2510  0.0762  0.0684 
5      0.5311  0.0461  0.2263  0.2123 
6      0.2126  0.2295  0.1579  0.0970  0.3469 
7      0.3744  0.5088  0.4108  0.3619  0.6140  0.2584 
8      0.3526  0.5151  0.4171  0.3716  0.6105  0.2232  0.0202 

  Locus: C1L316
---------------------------------
pop      1       2       3       4       5       6       7       
2      0.2130 
3     -0.0334  0.1819 
4      0.1969  0.0800  0.1770 
5     -0.0140  0.1674 -0.0212  0.1861 
6      0.2745  0.1215  0.2477  0.0838  0.2228 
7      0.1092  0.0977  0.0977 -0.0064  0.1217  0.1345 
8      0.2416  0.1292  0.2199  0.1466  0.2055  0.1244  0.1538 

  Locus: C1L58
---------------------------------
pop      1       2       3       4       5       6       7       
2      0.3334 
3      0.4167  0.1116 
4      0.3218  0.0462  0.1962 
5      0.0277  0.2951  0.3808  0.2725 
6      0.4875  0.0782  0.2408  0.0225  0.4413 
7      0.3379  0.1735  0.2688  0.0876  0.2622  0.1705 
8      0.5385  0.2688  0.3626  0.2910  0.5066  0.3252  0.3793 

  Locus: C1L295
---------------------------------
pop      1       2       3       4       5       6       7       
2      0.2022 
3      0.1006  0.2273 
4      0.1500  0.0204  0.2239 
5      0.2804  0.2801  0.2279  0.2348 
6      0.3250  0.2646  0.3106  0.2560  0.3499 
7      0.2709  0.1973  0.2640  0.2020  0.2938  0.1258 
8      0.2361  0.1176  0.2125  0.1574  0.2467  0.1941  0.1272 

  Locus: C6L86
---------------------------------
pop      1       2       3       4       5       6       7       
2      0.6516 
3      0.1136  0.3520 
4      0.4686  0.1528  0.2150 
5      0.2996  0.4526  0.1451  0.1755 
6      0.4454  0.4012  0.2605  0.2211  0.2671 
7      0.5631  0.4187  0.3677  0.2070  0.3163  0.2901 
8      0.4733  0.3424  0.2809  0.1688  0.2822  0.1812  0.1028 

  Locus: C6L166
---------------------------------
pop      1       2       3       4       5       6       7       
2      0.5206 
3      0.7503  0.3641 
4      0.5629  0.0845  0.2977 
5      0.1885  0.2129  0.4948  0.2745 
6      0.3399  0.1488  0.2734  0.1135  0.1225 
7      0.5539  0.1108  0.3551  0.1934  0.3055  0.1436 
8      0.3024  0.1167  0.3869  0.1536  0.0819  0.0515  0.1501 

  Locus: C6L138
---------------------------------
pop      1       2       3       4       5       6       7       
2      0.3663 
3      0.5510  0.1698 
4      0.4505  0.1344  0.1116 
5      0.2396  0.0892  0.2591  0.1303 
6      0.5285  0.2146  0.1824  0.0490  0.2728 
7      0.5122  0.1603  0.1407  0.0971  0.1414  0.2637 
8      0.2833  0.1217  0.1735  0.0564  0.1213  0.0586  0.2190 

  Locus: C6L296
---------------------------------
pop      1       2       3       4       5       6       7       
2      0.6030 
3      0.8314  0.0870 
4      0.6197  0.0031  0.1057 
5      0.2058  0.2498  0.4777  0.2615 
6      0.5763  0.1970  0.3964  0.1981  0.2907 
7      0.5724  0.0524  0.2746  0.1082  0.2636  0.1478 
8      0.4687  0.2200  0.4724  0.2418  0.2160  0.1956  0.0921 

  Locus: C6L157
---------------------------------
pop      1       2       3       4       5       6       7       
2      0.3495 
3      0.7121  0.2050 
4      0.5068  0.0744  0.1623 
5      0.6952  0.2721  0.3825  0.0925 
6      0.5903  0.1180  0.3105  0.1281  0.2638 
7      0.5829  0.0784  0.1139  0.1051  0.2922  0.1006 
8      0.4549  0.0469  0.3055  0.1232  0.2838  0.0480  0.0881 

Estimates for all loci (diploid):
=========================
pop      1       2       3       4       5       6       7       
2      0.4061 
3      0.4874  0.2042 
4      0.4013  0.0705  0.1935 
5      0.3576  0.2398  0.2896  0.2125 
6      0.4596  0.2034  0.2983  0.1416  0.3153 
7      0.4406  0.1928  0.2726  0.1470  0.2975  0.1879 
8      0.3759  0.1957  0.3024  0.1799  0.2808  0.1713  0.1502 

The file mouse_genepop_chr1_chr6.txt.MIG contains the matrix ready for further analysis
Normal ending.
