Genepop 4.7.5
Pairwise Fst's

One locus estimates following standard ANOVA as in Weir and Cockerham (1984)

File: mouse_genepop_chr1_loci.txt (Conversion of an object of class 'genind' into a GENEPOP file with the package 'graph4lg'     )

Number of populations detected : 8
Number of loci detected        : 5

Indices for populations:
----     -------------
1        CHPO_81
2        IBIN_CAS
3        ICRE_287
4        IGAL_MAS
5        ILVA_GS1
6        ST1_MA10
7        ST2_VAR1
8        STP_93
----------------------

Estimates for each locus:
========================
  Locus: C1L317
---------------------------------
pop      1       2       3       4       5       6       7       
2      0.3871 
3      0.5693  0.1309 
4      0.3191  0.0169  0.2638 
5      0.5745  0.1342  0.0699  0.2648 
6      0.7054  0.2411  0.5238  0.1915  0.5173 
7      0.3635  0.0711  0.3311  0.0198  0.3309  0.2205 
8      0.3824 -0.0173  0.1246  0.0164  0.1373  0.2617  0.1082 

  Locus: C1L64
---------------------------------
pop      1       2       3       4       5       6       7       
2      0.3620 
3      0.1404  0.0569 
4      0.2510  0.0762  0.0684 
5      0.5311  0.0461  0.2263  0.2123 
6      0.2126  0.2295  0.1579  0.0970  0.3469 
7      0.3744  0.5088  0.4108  0.3619  0.6140  0.2584 
8      0.3526  0.5151  0.4171  0.3716  0.6105  0.2232  0.0202 

  Locus: C1L316
---------------------------------
pop      1       2       3       4       5       6       7       
2      0.2130 
3     -0.0334  0.1819 
4      0.1969  0.0800  0.1770 
5     -0.0140  0.1674 -0.0212  0.1861 
6      0.2745  0.1215  0.2477  0.0838  0.2228 
7      0.1092  0.0977  0.0977 -0.0064  0.1217  0.1345 
8      0.2416  0.1292  0.2199  0.1466  0.2055  0.1244  0.1538 

  Locus: C1L58
---------------------------------
pop      1       2       3       4       5       6       7       
2      0.3334 
3      0.4167  0.1116 
4      0.3218  0.0462  0.1962 
5      0.0277  0.2951  0.3808  0.2725 
6      0.4875  0.0782  0.2408  0.0225  0.4413 
7      0.3379  0.1735  0.2688  0.0876  0.2622  0.1705 
8      0.5385  0.2688  0.3626  0.2910  0.5066  0.3252  0.3793 

  Locus: C1L295
---------------------------------
pop      1       2       3       4       5       6       7       
2      0.2022 
3      0.1006  0.2273 
4      0.1500  0.0204  0.2239 
5      0.2804  0.2801  0.2279  0.2348 
6      0.3250  0.2646  0.3106  0.2560  0.3499 
7      0.2709  0.1973  0.2640  0.2020  0.2938  0.1258 
8      0.2361  0.1176  0.2125  0.1574  0.2467  0.1941  0.1272 

Estimates for all loci (diploid):
=========================
pop      1       2       3       4       5       6       7       
2      0.2942 
3      0.2797  0.1556 
4      0.2446  0.0442  0.1997 
5      0.3298  0.2173  0.1908  0.2385 
6      0.4101  0.1847  0.3090  0.1352  0.3835 
7      0.2975  0.2132  0.2843  0.1492  0.3327  0.1834 
8      0.3495  0.2176  0.2757  0.2080  0.3530  0.2259  0.1688 

The file mouse_genepop_chr1_loci.txt.MIG contains the matrix ready for further analysis
Normal ending.
