Genepop 4.7.5
Pairwise Fst's

One locus estimates following standard ANOVA as in Weir and Cockerham (1984)

File: mouse_genepop_chr3_chr4_loci.txt (Conversion of an object of class 'genind' into a GENEPOP file with the package 'graph4lg'              )

Number of populations detected : 8
Number of loci detected        : 14

Indices for populations:
----     -------------
1        CHPO_81
2        IBIN_CAS
3        ICRE_287
4        IGAL_MAS
5        ILVA_GS1
6        ST1_MA10
7        ST2_VAR1
8        STP_93
----------------------

Estimates for each locus:
========================
  Locus: C3L60
---------------------------------
pop      1       2       3       4       5       6       7       
2      0.0263 
3      0.2519  0.1882 
4        -     0.0263  0.2519 
5      0.3158  0.2466 -0.0051  0.3158 
6      0.5731  0.5127  0.2328  0.5731  0.3311 
7      0.4127  0.3479  0.1733  0.4127  0.2049  0.2820 
8      0.5431  0.4785  0.2766  0.5431  0.3044  0.2721  0.1026 

  Locus: C3L117
---------------------------------
pop      1       2       3       4       5       6       7       
2      0.0263 
3      0.0947  0.0040 
4      0.0789  0.0290  0.0341 
5      0.0263 -0.0249  0.0040  0.0290 
6      0.6149  0.5574  0.4855  0.5085  0.5574 
7      0.4013  0.3355  0.2626  0.2883  0.3355  0.2362 
8      0.5776  0.5278  0.4611  0.4855  0.5278  0.2553  0.2129 

  Locus: C3L149
---------------------------------
pop      1       2       3       4       5       6       7       
2      0.2745 
3      0.2928  0.0750 
4      0.2733  0.1209  0.0990 
5      0.1323  0.1393  0.1465  0.2010 
6      0.3708  0.2557  0.2743  0.3283  0.2436 
7      0.2910  0.1841  0.1915  0.2261  0.1722  0.1571 
8      0.3687  0.2566  0.2645  0.3007  0.2444  0.3479  0.1897 

  Locus: C3L221
---------------------------------
pop      1       2       3       4       5       6       7       
2      0.4342 
3      0.3591  0.2082 
4      0.0175  0.3366  0.2289 
5      0.3193  0.2172  0.1650  0.2038 
6      0.2246  0.0747  0.1114  0.1296  0.0303 
7      0.2399  0.0923  0.1038  0.1480  0.0412 -0.0177 
8      0.6046  0.3217  0.3255  0.5300  0.3382  0.2885  0.2555 

  Locus: C3L269
---------------------------------
pop      1       2       3       4       5       6       7       
2      0.0880 
3      0.1750  0.1502 
4      0.1880  0.0626  0.1296 
5      0.2285  0.1317  0.1900  0.1109 
6      0.3525  0.1300  0.2397  0.2406  0.2863 
7      0.2616  0.1463  0.1229  0.1366  0.0407  0.2049 
8      0.4066  0.2415  0.3109  0.2250  0.2237  0.3116  0.1916 

  Locus: C3L265
---------------------------------
pop      1       2       3       4       5       6       7       
2      0.5199 
3      0.4331  0.0221 
4      0.1383  0.2502  0.1527 
5      0.4525  0.0024 -0.0138  0.1841 
6      0.5505 -0.0321  0.0339  0.2750  0.0119 
7      0.3813  0.4539  0.4090  0.1884  0.4190  0.4747 
8      0.2117  0.3923  0.3548  0.1720  0.3330  0.4229  0.2129 

  Locus: C4L149
---------------------------------
pop      1       2       3       4       5       6       7       
2      0.7102 
3      0.6826  0.0639 
4      0.6437  0.3527  0.3629 
5      0.4951  0.3574  0.3244  0.2865 
6      0.5730  0.1771  0.1986  0.2559  0.2377 
7      0.6643  0.4044  0.3858  0.3480  0.0395  0.2531 
8      0.5047  0.1909  0.2062  0.1919  0.0681  0.0754  0.1037 

  Locus: C4L315
---------------------------------
pop      1       2       3       4       5       6       7       
2      0.6537 
3      0.4389  0.0747 
4      0.3289  0.2613  0.0944 
5      0.3684  0.3182  0.1402  0.0571 
6      0.6255  0.1256  0.1263  0.2574  0.2949 
7      0.7414  0.3213  0.2264  0.3724  0.4099  0.2816 
8      0.5132  0.1756  0.1097  0.1177  0.1761  0.1059  0.2268 

  Locus: C4L103
---------------------------------
pop      1       2       3       4       5       6       7       
2      0.0263 
3      0.2591  0.1931 
4      0.2488  0.1420  0.1239 
5      0.1645  0.1009 -0.0071  0.1103 
6      0.1988  0.1320 -0.0146  0.1171 -0.0369 
7      0.5195  0.4574  0.2496  0.2862  0.3174  0.3046 
8      0.4907  0.4384  0.2409  0.2825  0.3182  0.3062  0.1713 

  Locus: C4L104
---------------------------------
pop      1       2       3       4       5       6       7       
2      0.0789 
3     -0.0000  0.0440 
4        -     0.0789 -0.0000 
5        -     0.0789 -0.0000    -    
6      0.2957  0.1490  0.2618  0.2957  0.2957 
7      0.5647  0.3935  0.5308  0.5647  0.5647  0.1181 
8      0.7724  0.6374  0.7442  0.7724  0.7724  0.3335  0.0804 

  Locus: C4L264
---------------------------------
pop      1       2       3       4       5       6       7       
2      0.4601 
3      0.3471  0.0610 
4      0.5398  0.0912  0.0944 
5      0.6336  0.1051  0.2223  0.1484 
6      0.5734  0.0487  0.1786  0.0948  0.1014 
7      0.6195  0.2128  0.2565  0.2083  0.2159  0.2214 
8      0.5541  0.1222  0.1945  0.1005  0.1717  0.0742  0.2377 

  Locus: C4L235
---------------------------------
pop      1       2       3       4       5       6       7       
2      0.3840 
3      0.1447  0.1365 
4      0.0581  0.2803  0.0540 
5      0.1866  0.1396  0.0196  0.0556 
6      0.3732  0.1208  0.1440  0.2600  0.1031 
7      0.4371  0.1627  0.2007  0.3263  0.1667  0.1132 
8      0.5146  0.1792  0.2694  0.4318  0.2878  0.1458  0.1888 

  Locus: C4L181
---------------------------------
pop      1       2       3       4       5       6       7       
2      0.4528 
3      0.3761  0.0464 
4      0.2336  0.1244  0.0753 
5      0.5162  0.0954  0.1063  0.1859 
6      0.2899  0.1995  0.1620  0.0807  0.2307 
7      0.5570  0.2815  0.1420  0.2381  0.2466  0.2415 
8      0.4269  0.1838  0.1441  0.1475  0.2196  0.1020  0.1245 

  Locus: C4L227
---------------------------------
pop      1       2       3       4       5       6       7       
2      0.4895 
3      0.4767  0.1276 
4      0.4495  0.1269  0.1118 
5      0.4889  0.1111  0.0324  0.0959 
6      0.5110  0.2717  0.2159  0.1878  0.2551 
7      0.4789  0.2328  0.1914  0.1490  0.2197  0.1759 
8      0.4579  0.2135  0.1724  0.1316  0.1987  0.1028  0.0319 

Estimates for all loci (diploid):
=========================
pop      1       2       3       4       5       6       7       
2      0.4491 
3      0.3827  0.1055 
4      0.3503  0.1863  0.1446 
5      0.4001  0.1740  0.1307  0.1621 
6      0.4733  0.2094  0.2028  0.2590  0.2339 
7      0.4852  0.2830  0.2459  0.2695  0.2459  0.2269 
8      0.4951  0.3066  0.2891  0.3133  0.2980  0.2264  0.1724 

The file mouse_genepop_chr3_chr4_loci.txt.MIG contains the matrix ready for further analysis
Normal ending.
