Genepop 4.7.5
Pairwise Rhost's

One locus estimates following standard ANOVA analogous to Weir and Cockerham (1984)
See e.g. Michalakis and Excoffier (1996) for formulas
File: mouse_genepop_chr3_chr4_loci.txt (Conversion of an object of class 'genind' into a GENEPOP file with the package 'graph4lg'              )

Number of populations detected : 8
Number of loci detected        : 14

Indices for populations:
----     -------------
1        CHPO_81
2        IBIN_CAS
3        ICRE_287
4        IGAL_MAS
5        ILVA_GS1
6        ST1_MA10
7        ST2_VAR1
8        STP_93
----------------------

Estimates for each locus:
========================
  Locus: C3L60
---------------------------------
 Allele sizes = allele names
---------------------------------
pop      1       2       3       4       5       6       7       
2      0.0263 
3      0.1423  0.0382 
4        -     0.0263  0.1423 
5      0.3158 -0.0240  0.0738  0.3158 
6      0.6456  0.5693  0.4089  0.6456  0.6160 
7      0.5074  0.3464  0.1038  0.5074  0.4419  0.2196 
8      0.7626  0.6635  0.4589  0.7626  0.7346 -0.0272  0.2375 

  Locus: C3L117
---------------------------------
 Allele sizes = allele names
---------------------------------
pop      1       2       3       4       5       6       7       
2      0.0263 
3      0.0947  0.0040 
4      0.0789  0.1045  0.1435 
5      0.0263 -0.0249  0.0040  0.1045 
6      0.6313  0.6278  0.6224  0.6439  0.6278 
7      0.2171  0.2053  0.1880  0.2649  0.2053  0.4317 
8      0.7910  0.7883  0.7843  0.7951  0.7883 -0.0399  0.5832 

  Locus: C3L149
---------------------------------
 Allele sizes = allele names
---------------------------------
pop      1       2       3       4       5       6       7       
2      0.4253 
3      0.1280  0.0165 
4      0.5881  0.0105 -0.0172 
5      0.2868  0.0228 -0.0357 -0.0222 
6      0.1406  0.4864  0.2729  0.5290  0.3934 
7      0.5928  0.7132  0.5333  0.7932  0.6774  0.1478 
8      0.7678  0.7849  0.6165  0.8800  0.7684  0.2740 -0.0081 

  Locus: C3L221
---------------------------------
 Allele sizes = allele names
---------------------------------
pop      1       2       3       4       5       6       7       
2      0.0687 
3      0.3438  0.3603 
4      0.0234  0.1184  0.2209 
5      0.1637  0.2062  0.1010  0.0066 
6      0.0448 -0.0298  0.3515  0.0960  0.1896 
7      0.0092  0.0719 -0.0152 -0.0174 -0.0375  0.0557 
8      0.4784  0.4361  0.5429  0.4894  0.5059  0.4466  0.4854 

  Locus: C3L269
---------------------------------
 Allele sizes = allele names
---------------------------------
pop      1       2       3       4       5       6       7       
2      0.2682 
3      0.0264  0.1496 
4     -0.0252  0.2250  0.0097 
5      0.3966  0.0161  0.1101  0.2183 
6      0.6789  0.2129  0.5732  0.6112  0.4694 
7      0.6518 -0.0159  0.4134  0.4841  0.2074  0.2232 
8      0.8223  0.4895  0.7543  0.7695  0.7088  0.1456  0.5597 

  Locus: C3L265
---------------------------------
 Allele sizes = allele names
---------------------------------
pop      1       2       3       4       5       6       7       
2      0.7164 
3      0.6524 -0.0341 
4      0.4196  0.0824  0.0300 
5      0.5725  0.0124 -0.0246 -0.0192 
6      0.8130 -0.0175  0.0291  0.1826  0.1119 
7      0.4642  0.1133  0.1321  0.1996  0.1628  0.0940 
8      0.0087  0.5041  0.4661  0.3318  0.4148  0.5558  0.4596 

  Locus: C4L149
---------------------------------
 Allele sizes = allele names
---------------------------------
pop      1       2       3       4       5       6       7       
2      0.7845 
3      0.2796  0.2549 
4      0.7626  0.0980  0.4146 
5      0.0134  0.5409  0.2263  0.6139 
6      0.3341 -0.0197  0.0679  0.0589  0.3283 
7     -0.0393  0.2467  0.0316  0.3615 -0.0212  0.1466 
8     -0.0209  0.3771  0.0969  0.4828 -0.0169  0.2187 -0.0319 

  Locus: C4L315
---------------------------------
 Allele sizes = allele names
---------------------------------
pop      1       2       3       4       5       6       7       
2      0.5738 
3      0.1853  0.2370 
4      0.1365  0.0950 -0.0246 
5     -0.0278  0.4242  0.1121  0.1197 
6      0.7266  0.4174  0.6174  0.5318  0.6781 
7      0.4874 -0.0391  0.2024  0.0857  0.3870  0.3822 
8      0.7799  0.5635  0.7027  0.6381  0.7423  0.0458  0.5338 

  Locus: C4L103
---------------------------------
 Allele sizes = allele names
---------------------------------
pop      1       2       3       4       5       6       7       
2      0.0263 
3     -0.0120 -0.0161 
4      0.2488  0.1420 -0.0264 
5      0.1645  0.2008  0.0094  0.3612 
6      0.1988  0.2304  0.0129  0.3798 -0.0369 
7      0.4759  0.4686  0.3410  0.4360  0.4986  0.5015 
8      0.7853  0.7828  0.7071  0.7719  0.7917  0.7926  0.3403 

  Locus: C4L104
---------------------------------
 Allele sizes = allele names
---------------------------------
pop      1       2       3       4       5       6       7       
2      0.0789 
3      0.0000  0.0616 
4        -     0.0789  0.0000 
5        -     0.0789  0.0000    -    
6      0.3944  0.2379  0.3838  0.3944  0.3944 
7      0.5877  0.4187  0.5782  0.5877  0.5877 -0.0087 
8      0.7970  0.6836  0.7919  0.7970  0.7970  0.2211  0.1480 

  Locus: C4L264
---------------------------------
 Allele sizes = allele names
---------------------------------
pop      1       2       3       4       5       6       7       
2      0.1064 
3      0.3365  0.2541 
4      0.3559  0.3183  0.0304 
5      0.0439 -0.0081  0.2476  0.3208 
6      0.3294  0.0513  0.4408  0.4814  0.1660 
7      0.4660  0.3347  0.5153  0.5386  0.4027  0.2095 
8      0.4912  0.1937  0.5694  0.5946  0.3364  0.0151  0.1194 

  Locus: C4L235
---------------------------------
 Allele sizes = allele names
---------------------------------
pop      1       2       3       4       5       6       7       
2      0.2673 
3      0.1237  0.0092 
4      0.0581  0.2421  0.1012 
5      0.1438  0.1329  0.0155  0.0870 
6      0.3431  0.0096  0.0854  0.3212  0.2321 
7      0.4027  0.1838  0.2566  0.3877  0.3467  0.0933 
8      0.6609  0.3801  0.4709  0.6477  0.6029  0.2387 -0.0325 

  Locus: C4L181
---------------------------------
 Allele sizes = allele names
---------------------------------
pop      1       2       3       4       5       6       7       
2      0.6379 
3      0.5235 -0.0361 
4      0.0195  0.3040  0.2881 
5      0.2199 -0.0237 -0.0257  0.2305 
6      0.2227 -0.0325 -0.0344  0.2260 -0.0417 
7      0.3406  0.0309  0.0254  0.3105 -0.0337 -0.0238 
8      0.2232 -0.0143 -0.0170  0.2288 -0.0343 -0.0336 -0.0194 

  Locus: C4L227
---------------------------------
 Allele sizes = allele names
---------------------------------
pop      1       2       3       4       5       6       7       
2      0.0154 
3      0.0196  0.0546 
4      0.0252 -0.0325  0.0590 
5      0.7848  0.0954  0.2244  0.0872 
6      0.7165  0.6550  0.3934  0.6597  0.8039 
7      0.9171  0.8016  0.5186  0.8091  0.9416 -0.0284 
8      0.8058  0.7298  0.4705  0.7353  0.8660 -0.0286 -0.0334 

Estimates for all loci (diploid):
=========================
pop      1       2       3       4       5       6       7       
2      0.3447 
3      0.1311  0.0619 
4      0.3091  0.1199  0.0782 
5      0.3096  0.1035  0.0891  0.1951 
6      0.5743  0.4902  0.3943  0.5605  0.5650 
7      0.5495  0.5030  0.4058  0.5701  0.5563  0.2108 
8      0.7098  0.6510  0.5831  0.7021  0.7012  0.2712  0.2755 

The file mouse_genepop_chr3_chr4_loci.txt.MIG contains the matrix ready for further analysis
Normal ending.
