Conversion of an object of class 'genind' into a GENEPOP file with the package 'graph4lg'                        
C1L317, C1L64, C1L316, C1L58, C1L295, C3L60, C3L117, C3L149, C3L221, C3L269, C3L265, C4L149, C4L315, C4L103, C4L104, C4L264, C4L235, C4L181, C4L227, C6L86, C6L166, C6L138, C6L296, C6L157 
Pop                        
CHPO_MIG2, 104104 118118 144144 264264 194198 162162 153153 138146 148148 128130 154158 113113 117117 116116 233233 124124 100100 128128 202202 131131 134134 133133 096096 206206
CHPO_MIG3, 104106 114114 142144 264272 196198 162162 153153 140146 148148 128128 150158 113113 117117 116116 233233 124124 100100 128128 202202 131131 134134 133133 096096 206206
CHPO_MIG5, 104104 114114 142142 264264 194200 162162 153153 138138 148148 130130 154154 111113 117117 116116 233233 124124 100100 128132 202206 129131 096134 117133 096102 206218
CHPO_MIG6, 104104 114114 142142 264264 194194 162162 153153 138138 148148 130130 154154 113113 117117 116116 233233 124124 100100 128132 202206 131131 134134 133137 096096 206206
CHPO_MIG7, 104104 114114 142142 264272 194196 162162 153153 138138 148148 128130 154154 113113 117117 116116 233233 124124 100100 128128 202202 131131 134134 133137 096096 206206
CHPO_MIG8, 104104 118118 144144 264264 198198 162162 153153 146146 148148 128128 158158 113113 117117 116116 233233 124124 100100 128128 202202 131131 134134 133133 096096 206206
CHPO_MIG9, 104104 118118 144144 264264 194198 162162 153153 138146 148148 128130 154158 113113 117117 116116 233233 124124 100100 128128 202202 131131 134134 133133 096096 206206
CHPO_MIG10, 104104 118118 144144 264264 194198 162162 153153 138146 148148 128130 154158 113113 117117 116116 233233 124124 100100 128128 202202 131131 134134 133133 096096 206206
CHPO_MIG13, 104104 118118 144144 264264 194198 162162 153153 138146 148148 128130 154158 113113 117117 116116 233233 124124 100100 128128 202202 131131 134134 133133 096096 206206
CHPO_MIG16, 104104 118118 144144 264264 198198 162162 153153 146146 148148 128128 158158 113113 117117 116116 233233 124124 100100 128128 202202 131131 134134 133133 096096 206206
CHPO_MIG4, 104104 118118 144144 264264 194194 162162 153153 138138 148148 130130 154154 113113 117117 116116 233233 124124 100100 128128 202202 131131 134134 133133 096096 206206
CHPO_MIG11, 104104 114118 142144 264272 194196 162162 153153 138138 148148 128130 154154 113113 117117 116116 233233 124124 100100 128128 202202 131131 134134 133133 096096 206206
CHPO_MIG14, 104104 118118 144144 264264 194198 162162 153153 138146 148148 128130 154158 113113 117117 116116 233233 124124 100100 128128 202202 131131 134134 133133 096096 206206
CHPO_MIG17, 104106 114114 142142 264272 194196 162162 153153 138140 148148 128130 158158 113113 117117 116116 233233 124124 100100 128132 202206 131131 134134 133133 096096 206206
CHPO_MIG19, 104104 118118 144144 264264 198198 162162 153153 146146 148148 128128 158158 113113 117117 116116 233233 124124 100100 128128 202202 131131 134134 133133 096096 206206
CHPO_MIG21, 104104 114118 142144 264272 196198 162162 153153 138150 148148 128128 154158 113113 117117 116116 233233 124124 100100 128128 202202 131131 134134 133133 096096 206206
CHPO_MIG22, 104104 114118 142144 264272 196198 162162 153153 138146 148148 128128 154158 113113 117117 116116 233233 124124 100100 128128 202202 131131 134134 133133 096096 206206
CHPO_MIG24, 104106 114118 142144 264272 194196 162162 153153 138140 148148 128130 150154 113113 117117 116116 233233 124124 100100 128128 202202 131131 134134 133133 096120 206206
CHPO_80, 104106 114114 142142 264264 194194 162162 153153 138138 148148 130130 154154 113113 117117 116116 233233 124124 100100 132132 206206 131131 134134 129129 096096 206206
CHPO_81, 104104 114114 142142 264264 194194 162162 153153 138138 148148 130130 154154 113113 117117 116116 233233 124124 100100 128128 202202 129129 134134 129133 096096 206206
Pop                        
IBIN_251, 106106 114114 142148 260264 192196 162162 153153 150150 146146 130130 150150 117117 113113 116116 233233 126126 104104 132132 206206 129129 104104 151151 094094 206206
IBIN_252, 104104 114118 144144 264264 194194 162162 153153 146146 148148 128128 158158 111111 117117 116116 233233 124124 100100 132132 206206 129129 096096 117117 102102 218218
IBIN_253, 106108 114116 144148 260262 192198 162162 153153 152156 148148 120128 148150 117117 109115 116116 233233 124126 100100 130134 208212 129133 100102 121143 094118 206216
IBIN_256, 102106 114114 146148 260260 192196 162162 153153 150152 146148 120130 150150 117117 109113 116116 233233 126126 100104 132134 206212 129129 104104 151151 094094 206206
IBIN_282, 106106 114114 148148 260260 192192 162162 153153 150150 146146 130130 150150 117117 113113 116116 233233 126126 104104 132132 206206 129129 104104 151151 094094 206206
IBIN_283, 102106 114114 146148 260260 192196 162162 153153 150150 146146 130130 150150 117117 113113 116116 233233 126126 104104 132132 206206 129129 104104 151151 094094 206206
IBIN_284, 102102 114114 146146 260260 196196 162162 153153 150150 146146 130130 150150 117117 113113 116116 233233 126126 104104 132132 206206 129129 104106 121151 094094 206210
IBIN_285, 102106 114114 146148 260260 192196 162162 153153 150150 146146 130130 150150 117117 113113 116116 233233 126126 104104 132132 206206 129129 104104 151151 094094 206206
IBIN_286, 102106 114114 146148 260260 192196 162162 153153 150154 146146 130130 150150 117117 113115 116116 233233 124126 102104 132138 204206 129133 102104 121151 094118 206216
IBIN_288, 102102 118118 144144 262262 174174 162162 153153 146146 148148 132132 150150 117117 123123 116116 233233 124124 104104 134134 212212 129129 136136 125125 094094 216216
IBIN_CAS63_05, 104108 114114 142148 262266 0NA0NA 162162 153153 152160 148148 116128 150152 115117 113113 116116 233239 112124 100120 128132 206210 129129 102106 113133 094100 210214
IBIN_CAS69_05, 106112 114114 142148 264268 184184 162180 153155 111156 146148 116124 150150 119121 107111 116116 233233 122122 100102 130132 176198 129129 104134 125129 094096 218220
IBIN_CAS80_05, 104106 114114 142148 256268 176184 162180 153155 111160 148148 124128 150150 117119 111113 116118 233233 122122 100102 130132 198208 129131 102104 121129 094114 208218
IBIN_CAS81_05, 104108 114114 142148 264266 196196 162162 153153 152156 146148 116116 150152 115121 111113 116116 233233 110124 100102 134138 206208 127131 102134 113133 092098 210216
IBIN_CAS82_05, 102108 114114 142148 266270 196196 162162 153153 152152 148154 116118 150152 115117 111113 116116 233233 110124 100100 128134 206210 127129 102102 113113 094098 214216
IBIN_CAS83_05, 102104 114114 142142 264270 196196 162162 153153 152160 148154 118128 150150 117117 111113 116116 233239 110112 100120 132134 206206 129129 102106 113133 094100 210214
IBIN_CAS84_05, 102104 114114 142142 262270 196196 162162 153153 152160 148148 116128 150152 115117 113113 116116 233239 112124 100120 128132 206210 127129 102106 113133 098100 210216
IBIN_CAS85_05, 102104 114114 142142 262270 196196 162162 153153 152160 148148 116128 150152 115117 113113 116116 233239 112124 100120 128132 206210 127129 102106 113133 098100 210214
IBIN_CAS87_05, 106112 114114 142148 264268 184184 162162 153153 156160 146148 116128 150150 117121 107113 116118 233233 122122 100100 130130 176208 131135 102134 121125 094114 208208
IBIN_CAS88_05, 112116 114114 134148 258264 178178 162162 153153 150156 146146 116130 150150 117121 107119 116116 233233 116122 100100 130136 176202 129135 134134 125125 094096 208220
Pop                        
ICRE_SERI1, 102120 114114 144146 264268 190190 162164 153153 154160 148150 116132 150150 113117 115117 116116 233233 124128 100100 128132 178214 129131 134136 125129 094094 212216
ICRE_SERI2, 120120 114114 144144 260264 190198 162164 153153 148154 148148 128134 148150 115117 115115 116116 233233 124126 102116 128130 206210 131131 136136 113129 094094 214216
ICRE_SERI3, 102124 114114 144144 264264 194194 162162 153153 150154 148148 128128 150150 117117 111115 116140 233233 124126 100116 128130 178206 131131 136138 113117 094114 216218
ICRE_SERI4, 102124 114114 144144 260264 194198 162162 153153 150154 148148 128128 150154 117117 115121 116116 233233 126128 102116 128128 206208 131131 136136 113129 094094 214216
ICRE_SERI5, 120120 114114 144144 260260 198198 162162 153153 150154 148148 128128 150150 117117 111115 116140 233233 124126 100116 128130 178206 131131 136136 129129 094094 214214
ICRE_249, 104104 118118 144144 264264 194194 162162 153153 146146 148148 128128 158158 111111 117117 116116 233233 124124 100100 132132 206206 129129 096096 113117 102102 214218
ICRE_250, 102102 114114 142142 262262 198198 162162 153153 152152 152152 128128 150150 111111 113113 114114 233233 124124 100100 136136 210210 131131 136136 125125 094094 216216
ICRE_255, 102102 114118 142144 262262 174198 182182 155155 113113 148148 124124 154154 117117 119119 116116 233233 126126 100100 132132 208208 129131 136136 125125 094094 216216
ICRE_275, 102102 114114 142142 262262 198198 162162 153153 152152 152152 128128 150150 111111 113113 114114 233233 124124 100100 136136 210210 131131 136136 125125 094094 216216
ICRE_276, 102102 114118 142144 262262 174198 162164 153153 152154 148152 128132 150150 111117 113117 114116 233233 124128 100100 132136 178210 129131 136136 125125 094094 216216
ICRE_Feng1, 102104 114118 144148 264268 192196 162164 153153 148152 148152 128132 148150 117117 117117 116116 233235 122128 096100 126132 176210 133135 134136 121129 094094 212216
ICRE_Feng2, 102108 114114 142144 266268 192196 162164 153153 148152 152152 124132 150150 113117 113117 116116 233233 122124 100116 128128 190218 119125 134134 117125 092094 194210
ICRE_Pedr1, 102102 118118 144144 262262 174174 162162 153153 152152 152152 128128 150150 111111 113113 114114 233233 124124 100100 136136 210210 129129 136136 125125 094094 216216
ICRE_Pedr2, 102102 114114 142142 262262 198198 162182 153155 113152 148152 124128 150154 111117 113119 114116 233233 124128 100100 132136 178210 131131 136136 125125 094094 216216
ICRE_Pedr3, 102102 114114 142142 262262 198198 162164 153153 152154 148152 128132 150150 111117 113117 114116 233233 124128 100100 132136 178210 131131 136136 125125 094094 216216
ICRE_Pedr4, 102120 114118 142144 262262 174198 162164 153153 146154 148148 132132 150150 117117 117123 116116 233233 124128 100104 132134 178212 131131 136136 125125 094094 216216
ICRE_Pedr5, 102120 114118 142144 262262 174198 162182 153155 113152 148152 124128 150154 111117 113119 114116 233233 124126 100100 132136 210210 129131 136136 125125 094094 216216
ICRE_Pedr6, 102102 114118 142144 262262 174198 164182 153155 113154 148148 124132 150154 117117 117119 116116 233233 126128 100100 132132 178178 129131 136136 125125 094094 216216
ICRE_Pedr7, 102102 114114 142142 262262 198198 162164 153153 152154 148152 128132 150150 111117 113117 114116 233233 124128 100100 132136 178210 131131 136136 125125 094094 216216
ICRE_287, 104104 114114 144144 258264 198198 162162 153153 150154 146152 128130 150150 117117 113117 116116 233233 126130 100104 132132 190206 129131 102106 129129 094100 214214
Pop                        
IGAL_246, 104104 118118 144144 264264 194194 162162 153153 146146 148148 128128 158158 111111 117117 116116 233233 124124 100100 132132 206206 129129 096096 113117 102106 214218
IGAL_247, 0NA0NA 0NA0NA 0NA0NA 0NA0NA 0NA0NA 162162 147153 146152 148148 130132 154154 121121 109109 116116 233233 122126 0NA0NA 0NA0NA 0NA0NA 0NA0NA 0NA0NA 0NA0NA 0NA0NA 212212
IGAL_248, 106106 114114 142144 264272 194196 162162 153153 146146 148148 128128 158158 111111 117117 116116 233233 124124 100100 132132 206206 129129 096096 117117 102102 218218
IGAL_263, 102104 114114 142146 264268 184194 162162 153153 146152 148148 124132 148150 117121 109123 116116 233233 122126 100102 112112 204208 133133 110136 117125 094114 212216
IGAL_264, 104104 114114 142142 268268 184184 162162 147153 146152 148148 130132 150154 119121 109111 116118 233233 122128 100100 130136 192200 117133 106110 125129 112114 212216
IGAL_265, 102104 114114 142146 264268 184194 162162 153153 146146 148148 124124 148148 119119 111111 118118 233233 128128 100100 130130 192192 133133 136136 117117 094094 212212
IGAL_266, 102104 114116 142142 266268 184202 162162 153153 146152 148148 124132 148150 119121 109111 116118 233233 122128 100100 130136 192200 133133 110136 117125 094114 212216
IGAL_271, 102104 114114 142146 264268 184194 162162 153153 152152 148148 132132 150154 117121 109123 116116 233233 122126 100102 112112 204208 127133 104110 125125 102114 212216
IGAL_272, 104104 114114 142142 268268 184184 162162 147153 146146 148148 124130 148154 121121 109109 116116 233233 122126 100100 112136 200208 117133 106136 117129 094112 212212
IGAL_273, 102104 114114 142146 264268 184194 162162 153153 146152 148148 124132 148150 119121 109111 116118 233233 126128 100100 112130 192208 133133 110136 117125 094114 212216
IGAL_MAS89_05, 106106 114114 134142 260260 196200 162162 153153 144156 148150 130132 150154 113119 117117 116118 233233 122130 100100 128128 208210 117129 104106 121129 094108 206212
IGAL_MAS90_05, 108108 114114 148148 266266 190190 162162 153153 144152 148148 132134 154154 119121 117117 118118 233233 126128 100102 112130 178212 129129 106106 129129 094094 216216
IGAL_MAS91_05, 106106 114116 134142 260266 196200 162162 153153 144148 148148 124132 150154 119119 117119 116116 233233 128130 100100 128128 208214 129135 106106 117129 094094 206210
IGAL_MAS92_05, 104106 114116 142146 264266 196196 162162 153153 144144 148148 132132 154154 119119 117117 116116 233233 130130 100100 128128 208208 129129 106106 129129 094094 206206
IGAL_MAS93_05, 106106 114116 142142 260266 196196 162162 153153 152152 148148 116130 150150 119119 117119 116116 233233 128130 100100 128128 208214 117131 104134 129129 094094 200216
IGAL_MAS94_05, 106106 114116 142142 260260 196196 162162 153153 152152 148148 130130 150154 119119 119119 116116 233233 128128 100100 128128 214214 119131 104106 129133 094114 200210
IGAL_MAS95_05, 106106 114116 142142 260266 196196 162162 153153 144152 148148 130132 148154 119119 117119 116116 233233 122130 100100 128132 208216 129137 106108 125129 094118 206218
IGAL_MAS96_05, 106108 114116 142148 266266 190196 162162 147153 146152 148148 130134 154156 119119 117117 118118 233233 128128 100100 130130 212212 117129 102106 129129 094100 216218
IGAL_MAS97_05, 104106 114116 142148 266270 192196 162162 153153 134164 152152 126128 148150 119119 117117 116116 233233 130130 100100 128128 208208 117117 106106 125125 094108 214216
IGAL_MAS98_05, 106114 114122 142150 264268 196200 162162 153153 152152 148148 130130 150150 115119 117121 116118 233233 122124 100100 128132 186204 131131 104104 129133 094094 200212
Pop                        
ILVA_Berb37_05, 116116 114114 142144 264264 190192 162162 153155 152154 148148 124124 150152 117121 109119 116116 233233 120130 100100 132134 206206 129131 110134 113125 094096 212216
ILVA_Pol41_05, 102102 114114 144144 264264 190190 164164 153153 156158 150150 124124 150150 109109 121121 116116 233233 126126 100100 140140 210210 133133 134134 133133 096096 212212
ILVA_Pol42_05, 102102 114114 144144 264264 190190 164164 153153 156158 150150 124124 150150 109109 121121 116116 233233 126126 100100 140140 210210 133133 134134 133133 096096 212212
ILVA_Pol43_05, 102102 114114 144144 264264 190190 164164 153153 156158 150150 124124 150150 109109 121121 116116 233233 126126 100100 140140 210210 133133 134134 133133 096096 212212
ILVA_Pol44_05, 102102 114114 144144 264264 190190 164164 153153 156156 150150 124124 150150 109109 119121 116116 233233 126134 100100 132140 204210 131133 134134 113133 096096 212212
ILVA_Pol54_05, 102102 114114 144144 264264 190190 164164 153153 156158 150150 124124 150150 109109 121121 116116 233233 126126 100100 140140 210210 133133 134134 133133 096096 212212
ILVA_Pol55_05, 102102 114114 144144 264264 190190 164164 153153 156158 150150 124124 150150 109109 121121 116116 233233 126126 100100 140140 210210 133133 134134 133133 096096 212212
ILVA_Pol56_05, 102102 114114 144144 264264 190190 164164 153153 156158 150150 124124 150150 109109 121121 116116 233233 126126 100100 140140 210210 133133 134134 133133 096096 212212
ILVA_Pol57_05, 102102 114114 146146 264264 190190 162162 153153 138138 148148 128128 154154 111111 117117 116116 233233 122122 108108 136136 210210 133133 134134 121121 094094 212212
ILVA_Pol58_05, 102104 114114 142148 266272 192198 162162 153155 140154 148148 124130 150150 109111 117121 116116 233233 122126 100108 136140 210210 133133 134134 121133 094096 212212
ILVA_SGIA17, 102102 114114 142142 266266 196196 162162 153153 140140 148148 128128 158158 113113 117117 114114 233233 120120 102102 132132 208208 131131 134134 117117 096120 208208
ILVA_SGIA40, 102116 114114 142144 264264 194198 162162 153153 138142 148148 128130 150150 113113 117117 114114 233233 120120 102102 132132 208208 131131 104104 117117 102102 212212
ILVA_SGIA46, 102116 114114 142144 264264 194198 162162 153153 138142 148148 128130 150150 109113 117117 114116 233233 120122 100102 112132 204208 131131 104134 117117 096102 208212
ILVA_SGIA47, 102116 114114 142144 264264 194198 162162 153153 138142 148148 128130 150150 109109 117117 116116 233233 122122 100100 112112 204204 131131 134134 117117 096096 208208
ILVA_SGIA48, 116116 114114 142142 264264 198198 162162 153153 138138 148148 130130 150150 113113 117117 114114 233233 120120 102102 132132 208208 131131 104104 117117 102102 208212
ILVA_SGIA52, 102116 114114 142144 264264 194198 162162 153153 138142 148148 128130 150150 109113 117117 114116 233233 120122 100102 112132 204208 131131 104134 117117 096102 208212
ILVA_Berb1, 104116 114114 144146 274274 190190 162162 153153 138138 148148 130130 156156 121121 109109 116116 233233 120120 100100 132132 206206 131131 110110 113113 094094 216216
ILVA_Berb2, 104116 114114 142146 264274 190190 162162 153153 138152 148148 124130 150156 111111 117117 116116 233233 118118 100100 132132 206206 131131 104104 113113 102102 212212
ILVA_Berb3, 116116 114114 142144 264274 190190 162162 153153 138152 148148 124130 150156 121121 109109 116116 233233 120120 100100 132132 206206 131131 110110 113113 094094 216216
ILVA_GS16, 104106 114114 142144 264264 190192 162162 153153 138154 144148 124128 150154 113113 117117 116116 233233 120120 100100 132132 202206 131131 096134 129129 096096 206216
Pop                        
ST1_T1, 114120 114114 142142 258260 192196 162162 153153 113154 148150 124132 148150 115119 113115 114116 233233 124126 100102 112130 174214 131133 106138 117125 094094 206218
ST1_T2, 118120 114132 124134 268268 170180 182182 177177 140140 148148 116116 150150 115117 101113 116116 233239 112122 102112 126128 174182 115131 136138 125137 094110 210212
ST1_T3, 106106 114114 146146 266266 0NA0NA 162162 153157 121146 146146 122128 152152 115125 101103 116116 233233 122126 100112 128138 174174 123123 134134 129129 108108 214214
ST1_T8, 106106 114132 124146 266268 180180 162162 153153 121121 146146 128128 152152 113115 101117 116116 233233 122124 100112 128130 174202 125131 102134 121129 098106 206216
ST1_T9, 106106 114132 124146 266268 180180 162162 153153 121121 146146 128128 152152 115115 101101 116116 233233 122122 112112 128128 174174 105123 134134 129129 092108 210214
ST1_T1_05, 106106 114114 146146 266266 0NA0NA 174182 177177 140150 148150 116124 150150 111117 101113 114116 241241 118118 100100 142142 190190 105115 134138 129137 092094 212214
ST1_T2_05, 106106 114132 124146 266268 170170 174174 153153 150150 150150 124124 150150 117117 113113 116116 239239 112112 102102 126126 182182 105131 134136 125129 092110 210212
ST1_T3_05, 106120 132132 124124 268268 170170 174182 153177 140150 148150 116124 150150 117117 101113 116116 239241 112118 100102 126142 182190 105105 134134 129129 092092 210210
ST1_T5_05, 106106 130130 142142 260260 168168 182182 177177 140140 148148 116116 150150 111115 113115 114114 239241 102118 100126 140142 190212 105105 106106 129129 110110 214214
ST1_T6_05, 106106 130130 142142 260260 168168 182182 177177 140140 148148 116116 150150 111115 113115 114114 239241 102118 100126 140142 190212 105115 106138 129137 094110 212214
ST1_T7_05, 106108 116130 134142 260268 168180 182182 177177 140140 148148 116116 150150 115115 101101 116116 233233 122122 112112 128128 174174 105105 106134 129129 092110 210214
ST1_T8_05, 106106 114130 142146 260266 168168 182182 177177 140140 148148 116116 150150 115115 101101 116116 233233 122122 112112 128128 174174 115115 138138 137137 094094 212212
ST1_T9_05, 106106 130130 142142 260260 168168 182182 177177 140140 148148 116116 150150 115117 101113 116116 233239 112122 102112 126128 174182 105105 106106 129129 110110 214214
ST1_T10_05, 106106 116130 142146 260266 168168 182182 177177 140140 148148 116116 150150 117117 113113 116116 239239 112112 102102 126126 182182 105105 106134 129129 092110 212214
ST1_T11_05, 106108 114116 134146 266268 180180 182182 177177 140140 148148 116116 150150 115115 101101 116116 233233 122122 112112 128128 174174 105115 134138 129137 092094 210212
ST1_MA2, 106106 114116 142146 262266 180180 162182 157177 121140 144148 116128 150150 125125 103103 116116 233233 126126 100100 138138 0NA0NA 131131 136136 125125 110110 210210
ST1_MA3, 106106 114114 124146 266268 180180 162182 157177 121140 144148 116128 150150 107125 103113 114116 233241 118126 100100 138142 190190 131131 136136 125125 110110 210210
ST1_MA7, 106106 114116 142146 262266 180180 162162 157157 121121 144148 128128 150150 125125 103103 116116 233233 126126 100100 138138 0NA0NA 105105 134134 129129 092092 210210
ST1_MA9, 106108 118130 142142 260260 168168 162182 157177 121140 144148 116128 150150 107125 103113 114116 233241 118126 100100 138142 190190 105105 134134 129129 092092 210214
ST1_MA10, 106106 114114 124146 266268 180180 182182 177177 140140 148148 116116 150150 107125 103113 114116 233241 118126 100100 138142 190190 131131 136136 125125 110110 210210
Pop                        
ST2_VAR62_05, 104108 122124 142144 266266 178192 162178 157177 121126 146148 120128 148150 115121 113115 116132 233239 124130 100102 136136 184188 127131 102102 117125 098100 208216
ST2_VAR66_05, 104104 124124 144144 262262 196196 180180 157157 140140 158158 116116 148148 109109 113113 116116 239239 100100 100100 114114 182182 133133 100100 137137 100100 196196
ST2_VAR67_05, 106108 122122 142142 266266 178178 172172 153153 129129 148148 124124 146148 109109 115115 132132 239239 100100 126126 136136 186186 137137 138138 117117 094094 210216
ST2_VAR68_05, 106106 120122 138142 264266 180186 162178 155157 126146 144146 120122 132140 111121 113115 116118 233239 100124 100102 126132 180198 133137 100134 117117 094108 198216
ST2_VAR70_05, 106108 126132 144152 258266 178178 162162 157177 121121 148148 128128 148148 115125 113115 116132 233239 100130 100102 114136 182184 133137 102134 125129 092100 208214
ST2_VAR72_05, 104106 122122 142142 264266 180180 162172 153157 121129 148148 124128 148148 109109 115115 114132 233239 100120 100126 136140 176186 137137 102102 125125 098098 210210
ST2_VAR73_05, 104118 114114 144144 264264 176176 162174 153157 146148 144146 122124 148166 111117 113115 116116 233241 128130 100102 114136 184188 127127 102102 125125 100100 196196
ST2_VAR74_05, 106106 122122 142142 264266 180180 162172 153153 129142 148148 124128 146148 109109 115115 114132 233239 100120 100126 136140 176186 137137 102138 117125 094098 210216
ST2_VAR76_05, 108108 114122 142142 260266 178190 162178 157177 121126 144146 120130 150166 121125 113115 116116 233239 120124 100102 132136 188196 131131 102102 117117 098098 214216
ST2_VAR77_05, 106108 122122 142142 264266 180180 172172 153153 129129 148148 124124 148148 109109 115115 132132 239239 100100 126126 136136 186186 137137 102138 117125 094098 210216
ST2_VAR78_05, 104106 122122 142142 264266 180180 172172 153153 129129 148148 124124 148148 109109 115115 132132 239239 100100 126126 136136 186186 137137 138138 117117 094094 216216
ST2_VAR79_05, 104104 122122 142142 264264 180180 162172 153157 121129 148148 124128 146148 109109 115115 132132 239239 100100 126126 136136 186186 137137 102138 117125 094098 210210
ST2_VAR99_05, 104108 122122 142142 264266 178180 162162 157157 121121 148148 128128 148148 109109 115115 114132 233239 100120 100126 136140 176186 137137 102102 125125 098098 210210
ST2_VAR100_05, 106108 122122 142142 266266 178178 172172 153153 129129 148148 124124 146148 109109 115115 132132 239239 100100 126126 136136 186186 137137 102138 117125 094098 210216
ST2_VAR101_05, 104104 122122 142142 264266 178180 162172 153157 121129 148148 124128 146148 109109 115115 132132 239239 100100 126126 136136 186186 137137 138138 117117 094094 216216
ST2_VAR102_05, 104108 122122 142142 264266 180180 162172 153157 121129 148148 124128 148148 109109 115115 114132 233239 100120 100126 136140 176186 137137 102138 117125 094098 210216
ST2_VAR103_05, 106108 114124 128148 264266 176176 162172 153157 131140 150158 122124 132146 125125 103103 116116 233233 126126 100100 138138 174174 123127 100136 121125 092100 202214
ST2_VAR104_05, 106106 124124 148148 266266 176178 162172 153153 131140 150158 122124 132166 109111 105115 118132 233233 100132 100102 132136 180188 123123 136136 121121 092092 198198
ST2_VAR105_05, 106108 114114 128146 264264 176178 162172 153157 131140 150158 122124 132146 111125 103115 116132 233239 102126 100100 138144 174174 123133 100136 121137 092100 210214
ST2_VAR106_05, 106108 114132 144144 258266 186194 162162 153157 121140 144150 122128 132166 109125 103105 116118 233233 126132 100102 136138 180180 133133 134134 117117 094094 216216
Pop                        
STP_P25, 102112 122122 142142 254254 192192 162172 171183 129144 144156 118124 156166 109117 095097 116140 239239 108122 116120 138148 174174 105137 106134 129137 098108 210210
STP_P26, 102102 122122 142142 254254 192192 162172 175183 129129 152156 118124 156158 109115 097109 116140 233239 108116 116120 134138 174174 127137 104134 129129 098100 210210
STP_P27, 102102 122124 140142 254254 186192 162182 169171 138144 144144 116124 156166 109113 097111 122140 239239 108116 116120 124138 174198 105137 106134 129137 098108 210212
STP_P39, 102102 122124 140142 254254 186192 162172 171183 129144 144156 118124 156166 109113 097111 122140 239239 108116 116120 124138 174198 105137 106134 129137 098108 210210
STP_P42, 102102 104104 130140 256256 176196 162172 157169 126126 126136 118124 146156 115117 095097 116128 233239 108122 112116 134148 174174 137137 134134 107129 098100 208210
STP_P38, 106106 122122 130136 254256 170192 162172 169175 126129 134156 118126 148158 111115 117117 128132 239243 120122 098116 128136 184198 123137 134134 125133 096098 206206
STP_P40, 102102 126126 136136 256256 170170 172180 157173 125129 126144 112118 156166 109109 101101 116116 239239 122122 116116 124124 188188 141141 100100 133133 098098 194194
STP_P43, 102106 122122 134146 260264 168170 180180 157157 125125 144144 112112 156156 109121 101103 116138 239239 122122 110116 124134 188188 137137 134134 129129 114114 206214
STP_P44, 102106 124132 136140 252254 172172 162180 157157 125129 144150 112124 158158 109109 109109 136136 239239 116116 100100 128128 198198 135139 104134 133145 098102 212214
STP_P45, 106118 132132 138140 252256 168172 180180 157157 125125 144144 112112 144148 109115 099113 138140 239239 122122 116116 124134 174174 141141 100100 133133 098098 194214
STP_P30, 104104 136136 140140 254254 182182 180180 169173 125140 128144 112116 144146 117119 105107 132136 239245 122128 098114 134136 186186 141141 102102 125125 108108 210210
STP_P31, 106106 126126 136142 254256 178184 174174 169169 125125 128128 112112 158158 103109 103109 136140 239239 122124 118118 138144 180186 131143 100134 097129 098104 202206
STP_P32, 104106 126130 136140 254254 178182 174174 169169 125125 128128 112112 158158 103119 103105 132140 239245 122128 098118 134138 186186 141143 106134 129129 100104 202210
STP_P33, 104106 126130 134136 254254 178182 172174 155169 125125 128128 112124 156158 103117 099105 136144 233233 112122 100110 124138 186186 125131 100134 125133 098112 200202
STP_P34, 104104 130130 134134 254254 182182 172174 155169 125125 128128 112124 156158 103117 099105 136144 233233 112122 100110 124138 186186 125141 100106 129133 098100 202206
STP_84, 104104 122122 154154 256256 192192 172180 171175 125129 128128 112124 158160 113115 099115 138140 239239 108108 098112 114136 172194 137137 132132 129129 096096 204206
STP_85, 102106 122122 132154 256256 178192 172180 171175 125129 128138 112124 158160 113117 111115 136140 239239 108118 098112 136138 172194 135139 102134 133145 108110 210210
STP_86, 106118 122122 132132 256256 178192 172180 171171 125133 138138 112124 150160 115119 101115 128138 239239 108124 098126 136136 194196 141141 132134 133133 096104 204206
STP_92, 104104 122122 130152 256256 178178 172180 171175 125129 128138 112124 158160 117119 101111 128136 239239 118124 112126 136138 172172 141141 132134 125125 096104 204206
STP_93, 106106 128128 150152 254256 182182 180180 171177 125125 144144 112112 160162 115115 099099 138138 239239 108124 112114 114136 172174 131143 102132 097129 096098 204210  